21821	9.99
19892	9.97
23909	9.96
7958	9.95
11971	9.95
1560	9.94
9023	9.94
4267	9.93
17395	9.92
7025	9.9
17696	9.9
17339	9.88
5466	9.86
6884	9.86
15150	9.86
15409	9.850000000000001
19167	9.85
25235	9.85
1376	9.84
5838	9.815
5415	9.81
12665	9.81
1968	9.78
1976	9.78
19162	9.78
26005	9.77
19575	9.75
831	9.74
75	9.72
15942	9.72
6072	9.71
25091	9.71
7534	9.7
21588	9.7
25868	9.7
4382	9.69
2624	9.68
10676	9.68
25112	9.68
17401	9.66
17882	9.66
22927	9.66
25959	9.66
16800	9.65
8366	9.64
25571	9.64
13621	9.63
3188	9.62
13321	9.62
13498	9.61
23776	9.61
10904	9.600000000000001
25176	9.6
6828	9.59
10183	9.59
17581	9.59
19544	9.59
24113	9.59
8615	9.58
2991	9.575
12161	9.56
2803	9.55
25598	9.55
12263	9.54
14842	9.54
18603	9.52
20805	9.52
4427	9.5
15206	9.5
21615	9.5
11108	9.49
14639	9.49
20515	9.49
21303	9.49
13390	9.48
6290	9.46
14628	9.46
17463	9.46
21546	9.46
5408	9.440000000000001
22888	9.44
7094	9.42
9944	9.41
15973	9.405000000000001
17182	9.4
12473	9.39
14	9.36
1150	9.36
21159	9.36
22254	9.36
24248	9.350000000000001
23901	9.35
12373	9.345
4242	9.34
5081	9.34
13815	9.34
16513	9.34
16958	9.34
17076	9.33
10478	9.32
14338	9.31
21144	9.31
12696	9.3
14985	9.3
15196	9.3
16820	9.3
20331	9.28
16338	9.27
6265	9.26
15322	9.26
25662	9.26
1322	9.245000000000001
375	9.24
2117	9.24
7596	9.24
22728	9.24
25211	9.24
15253	9.23
16230	9.23
11467	9.22
18784	9.22
71	9.19
9135	9.18
7807	9.17
20155	9.17
22381	9.17
23866	9.17
14135	9.16
18628	9.16
5851	9.156666666666666
21016	9.15
23419	9.15
6024	9.14
7713	9.13
4365	9.12
19806	9.11
8398	9.096666666666666
735	9.08
4819	9.08
5413	9.08
6390	9.08
8400	9.07
1983	9.065000000000001
899	9.06
2356	9.06
7597	9.05
12798	9.05
24504	9.04
10499	9.03
19145	9.03
13415	9.02
16576	9.02
3853	9.01
5661	9.01
6161	9.01
14550	9.0
4638	8.98
12887	8.98
3910	8.97
20230	8.97
23264	8.97
4775	8.965
6867	8.955
2339	8.95
13622	8.940000000000001
293	8.94
19434	8.94
19011	8.935
18366	8.93
25674	8.93
19256	8.92
20065	8.92
24733	8.92
5548	8.91
6535	8.91
18210	8.903333333333334
11197	8.899999999999999
10178	8.895
9095	8.89
16891	8.89
13483	8.88
18237	8.87
1959	8.865
28	8.86
7637	8.86
15718	8.86
20495	8.86
4040	8.85
9867	8.85
20793	8.83
2143	8.82
3754	8.82
5409	8.82
24728	8.82
8310	8.81
9486	8.81
12971	8.81
11012	8.809999999999999
2247	8.8
2655	8.8
2936	8.8
11563	8.8
23910	8.8
1669	8.79
7542	8.79
8739	8.79
16742	8.79
8628	8.78
25853	8.78
3056	8.776666666666667
15912	8.775
6300	8.77
18383	8.76
19551	8.756666666666666
114	8.75
19149	8.75
20008	8.75
5577	8.73
6913	8.73
17019	8.725
1025	8.71
18772	8.71
25852	8.71
866	8.709999999999999
2248	8.7
12664	8.690000000000001
16483	8.685
15786	8.68
16216	8.68
25443	8.68
4781	8.676666666666668
8185	8.675
9893	8.66
25917	8.659999999999998
23387	8.655
6176	8.65
10317	8.645
379	8.635000000000002
15259	8.63
9759	8.62
9831	8.61
15251	8.61
22727	8.6
15685	8.595
15197	8.594999999999999
7718	8.585
12676	8.57
21288	8.57
22000	8.57
8702	8.56
18677	8.55
5062	8.54
14154	8.54
1323	8.535
21579	8.53
19507	8.515
21929	8.515
3286	8.51
7855	8.51
11903	8.503333333333332
1860	8.5
8198	8.5
6351	8.493333333333334
25319	8.49
25444	8.485
21695	8.4825
2569	8.48
3185	8.48
10517	8.48
2190	8.475
18562	8.473333333333334
1967	8.47
8671	8.47
16262	8.47
20813	8.47
21152	8.469999999999999
21199	8.465
1289	8.456666666666667
20647	8.456666666666667
26042	8.45
16471	8.43
392	8.42
2622	8.42
20956	8.4
2331	8.39
4276	8.39
5542	8.39
22325	8.39
8058	8.385
4199	8.38
18036	8.379999999999999
113	8.375
4983	8.375
11878	8.37
18235	8.37
25405	8.365
1499	8.35
7523	8.35
13529	8.35
22771	8.35
15847	8.344999999999999
4138	8.34
4555	8.335
2713	8.333333333333334
21101	8.33
2666	8.325
3451	8.32
3684	8.32
7586	8.32
11411	8.32
25236	8.313333333333333
15419	8.31
16890	8.31
833	8.3
6039	8.3
5570	8.296666666666667
5827	8.29
8054	8.29
20766	8.29
10446	8.28
5411	8.26
15186	8.26
15478	8.26
5211	8.256666666666666
3194	8.25
24490	8.25
18946	8.24
20599	8.24
19810	8.235
9338	8.23
6356	8.22
16014	8.22
16261	8.22
17543	8.215
11410	8.21
16334	8.206666666666665
628	8.2
17191	8.2
14431	8.19
21548	8.19
22394	8.19
17934	8.18
22283	8.18
24587	8.18
13625	8.176666666666668
3718	8.17
1187	8.16
19146	8.16
20915	8.16
24332	8.156666666666666
5636	8.15
23267	8.15
23730	8.143333333333333
10158	8.14
12041	8.14
14841	8.14
16523	8.14
16609	8.13
17290	8.13
8161	8.125
7011	8.11
21289	8.11
21635	8.11
22023	8.11
26167	8.11
16651	8.095
1375	8.094999999999999
20307	8.085
11991	8.08
12046	8.08
10805	8.076666666666666
6355	8.07
10186	8.07
14371	8.07
22377	8.053333333333333
403	8.05
1153	8.05
7206	8.05
19596	8.05
15007	8.04
11629	8.036666666666667
11638	8.035
70	8.030000000000001
8302	8.03
13413	8.03
21190	8.03
3553	8.025
19062	8.02
19445	8.02
23385	8.02
13388	8.015
1552	8.01
21777	8.01
885	8.0
19525	7.993333333333333
19598	7.98
13334	7.9799999999999995
2938	7.97
4110	7.97
8932	7.96
9093	7.96
20959	7.96
2950	7.95
22696	7.949999999999999
21927	7.9475
21468	7.946666666666666
13153	7.935
3917	7.93
2720	7.91
11879	7.91
14543	7.91
7384	7.905
7863	7.905
4286	7.9
13333	7.896000000000001
11611	7.895
7603	7.89
23907	7.886
11577	7.880000000000001
5634	7.88
17017	7.88
360	7.876666666666668
4265	7.863333333333334
23714	7.86
7324	7.855
18688	7.855
2749	7.85
4712	7.85
14547	7.85
18557	7.85
20554	7.85
21544	7.85
23759	7.85
20004	7.843333333333334
18227	7.842499999999999
2293	7.840000000000001
2504	7.84
25678	7.8325
2559	7.830000000000001
16227	7.83
16598	7.824999999999999
8877	7.82
4760	7.815
21831	7.813333333333333
23063	7.805
8738	7.800000000000001
2259	7.8
5731	7.79
12312	7.79
21169	7.79
20940	7.788333333333333
21293	7.785
6185	7.78
21554	7.78
22110	7.78
26023	7.776666666666666
2656	7.7749999999999995
5579	7.77
20776	7.77
19350	7.763333333333333
18189	7.75
17825	7.746666666666667
1028	7.742857142857143
4272	7.74
21157	7.74
10879	7.739999999999999
17086	7.739999999999999
18234	7.733333333333333
9758	7.723333333333334
7769	7.720000000000001
8441	7.72
15325	7.715000000000001
12679	7.71
17464	7.71
7811	7.7
11631	7.699999999999999
3721	7.695
3449	7.694999999999999
21658	7.69
26019	7.6899999999999995
11152	7.686666666666667
8155	7.686
523	7.6850000000000005
800	7.68
7482	7.68
8717	7.68
13029	7.676666666666667
15125	7.673333333333333
500	7.67
9255	7.6625000000000005
16644	7.66
19711	7.66
5839	7.655
13705	7.64
11891	7.637499999999999
2515	7.63
6266	7.63
20854	7.63
10432	7.625
14932	7.625
24169	7.609999999999999
22837	7.607142857142857
21407	7.598333333333333
10154	7.595
10792	7.595
140	7.593333333333334
2561	7.59
6669	7.59
10847	7.59
22309	7.586666666666667
4051	7.583333333333333
16232	7.575
3452	7.574999999999999
6703	7.57
19956	7.57
17248	7.566666666666667
21697	7.563333333333333
25379	7.5600000000000005
4366	7.56
13481	7.56
11919	7.555
15568	7.555
5406	7.55
1656	7.547499999999999
22826	7.542
2851	7.54
13068	7.54
18625	7.54
20513	7.539999999999999
9194	7.535
14497	7.530000000000001
24578	7.5200000000000005
9408	7.52
15374	7.52
1821	7.515
7602	7.510000000000001
19927	7.505000000000001
24159	7.503333333333333
11898	7.5
20157	7.5
25383	7.5
14868	7.495000000000001
21333	7.49
22507	7.486666666666667
17015	7.486
11566	7.48
3654	7.4799999999999995
5363	7.47
10991	7.47
15824	7.47
24341	7.47
18791	7.465
4128	7.46
2783	7.455
14865	7.455
23758	7.455
8815	7.45
17237	7.45
6219	7.4433333333333325
1862	7.44
19509	7.44
14983	7.435
3682	7.433333333333334
23092	7.433333333333334
15171	7.4325
8037	7.43
19215	7.43
12745	7.42
12863	7.42
22382	7.42
1833	7.41
8969	7.41
21315	7.41
14325	7.404999999999999
17861	7.404999999999999
5486	7.4
20620	7.4
23772	7.4
11893	7.3950000000000005
3633	7.395
25220	7.395
15688	7.39
17122	7.39
17331	7.39
25877	7.39
20375	7.387500000000001
6282	7.38
22611	7.38
25226	7.370000000000001
12290	7.37
1599	7.36
14541	7.359999999999999
11539	7.3566666666666665
18182	7.349999999999999
10872	7.345
17392	7.343333333333334
17126	7.335000000000001
352	7.333333333333333
7104	7.33
20255	7.33
22435	7.33
2846	7.328749999999999
14620	7.324999999999999
18337	7.321111111111112
7281	7.32
20046	7.31875
2558	7.3149999999999995
20538	7.3149999999999995
22721	7.313333333333333
11662	7.312499999999999
22372	7.3100000000000005
12458	7.308000000000002
4182	7.3066666666666675
13647	7.300000000000001
2127	7.3
2750	7.3
8255	7.3
21048	7.295000000000001
8352	7.295
6543	7.294
18612	7.2925
9980	7.29
10896	7.29
15400	7.29
17249	7.29
22246	7.29
24959	7.29
2329	7.285
14886	7.285
12414	7.2825
1050	7.28
5255	7.275
9871	7.27
21310	7.27
8195	7.2675
15218	7.26
8072	7.255454545454546
23970	7.255
1670	7.25
4656	7.25
5477	7.25
6037	7.25
23412	7.25
17999	7.246666666666667
6075	7.243333333333333
16957	7.24
19585	7.24
4380	7.234999999999999
4143	7.230000000000001
232	7.23
19978	7.226666666666667
12492	7.226000000000001
12637	7.2200000000000015
1675	7.22
1825	7.22
5445	7.22
11788	7.22
12614	7.216666666666666
14282	7.215
20169	7.215
25977	7.215
10501	7.21
12641	7.21
2789	7.196
10246	7.19
12554	7.19
309	7.185999999999998
5547	7.183333333333334
1373	7.182
17874	7.175000000000001
23145	7.170000000000001
2081	7.17
15553	7.17
2450	7.165
20149	7.165
6825	7.16
18596	7.16
10467	7.153333333333333
953	7.150000000000001
25447	7.15
25719	7.15
12659	7.145555555555556
7095	7.1450000000000005
17991	7.145
13862	7.14
13035	7.136666666666668
20100	7.136666666666667
2074	7.135
15420	7.135
3765	7.132857142857143
8036	7.13
8718	7.13
15712	7.13
11808	7.129999999999999
16770	7.123333333333334
3953	7.1175
25940	7.115
21806	7.113333333333332
26102	7.11
9316	7.109999999999999
5787	7.105
16741	7.102857142857142
491	7.097272727272728
12389	7.095000000000001
26100	7.095000000000001
25138	7.095
20062	7.090000000000001
1798	7.09
12256	7.09
14130	7.09
25553	7.0875
23215	7.085
6905	7.074999999999999
23858	7.072500000000001
192	7.07
3851	7.07
10672	7.066666666666666
7959	7.0649999999999995
15358	7.0649999999999995
15608	7.061666666666667
8728	7.0600000000000005
20150	7.0600000000000005
2459	7.06
8557	7.06
8922	7.06
13653	7.05
21028	7.05
22190	7.05
22371	7.05
22269	7.045
25649	7.045
3944	7.043333333333333
24444	7.043333333333333
17992	7.04
6031	7.035
21592	7.033333333333334
1344	7.03
25094	7.026666666666666
6806	7.025
19521	7.02
25958	7.02
17800	7.016666666666667
4015	7.015000000000001
23490	7.015000000000001
13999	7.015
3681	7.013333333333333
5407	7.012222222222222
7592	7.010000000000001
24734	7.010000000000001
25116	7.010000000000001
1010	7.01
20243	7.0075
19879	7.004
12612	7.0025
12930	7.0025
21531	7.0
260	6.996
9723	6.985
6808	6.984999999999999
8534	6.98
18879	6.979999999999999
24219	6.975
1229	6.972857142857143
5385	6.972307692307691
20954	6.970000000000001
25585	6.97
11053	6.969999999999999
24765	6.964
4875	6.960000000000001
12645	6.960000000000001
2915	6.96
14662	6.96
15195	6.96
20116	6.958571428571427
14128	6.952500000000001
3466	6.95125
16174	6.9475
6160	6.946666666666666
374	6.94
7071	6.94
15905	6.94
19866	6.9399999999999995
9360	6.937000000000002
19738	6.936
19358	6.935
6307	6.93
16065	6.93
6468	6.926666666666667
24402	6.925999999999999
20316	6.922
1699	6.92
8457	6.92
10180	6.92
3750	6.919999999999999
22734	6.919999999999999
21154	6.915
18196	6.913333333333334
15717	6.909999999999999
13837	6.9079999999999995
11284	6.905
920	6.904999999999999
25	6.9
25663	6.9
6632	6.8999999999999995
13682	6.896666666666667
5182	6.895
6858	6.890000000000001
17158	6.890000000000001
20650	6.890000000000001
23470	6.89
24148	6.883333333333334
23809	6.882499999999999
8629	6.880000000000001
1589	6.88
22645	6.88
24152	6.88
24214	6.88
8305	6.876666666666666
5533	6.875
5656	6.875
25937	6.875
18034	6.874
19379	6.87
11522	6.869999999999999
19093	6.866
12498	6.865
3173	6.86
18488	6.86
18581	6.86
23355	6.859999999999999
12419	6.8566666666666665
15951	6.856
24944	6.855
25080	6.85357142857143
1511	6.853333333333334
25516	6.8500000000000005
9895	6.85
10497	6.85
21032	6.849999999999999
11461	6.846666666666667
1606	6.846000000000001
2568	6.845999999999999
6556	6.843333333333334
13713	6.84
21156	6.84
8122	6.833333333333333
23741	6.832000000000001
3195	6.83
5829	6.83
8787	6.83
11967	6.83
17924	6.83
18626	6.825
8523	6.824999999999999
15559	6.824
2119	6.82
18721	6.82
24575	6.82
2202	6.8149999999999995
11093	6.8149999999999995
3105	6.81
24220	6.81
24280	6.81
17089	6.805000000000001
26170	6.805
6626	6.803333333333334
15382	6.803333333333334
26178	6.8025
2075	6.800000000000001
14691	6.8
7546	6.795
128	6.7924999999999995
4773	6.791333333333335
16335	6.79
20257	6.79
6666	6.784000000000001
9090	6.781000000000001
7572	6.78
19378	6.779999999999999
9038	6.778333333333333
6431	6.775
18008	6.775
26157	6.775
18158	6.7700000000000005
23409	6.7700000000000005
19102	6.77
17359	6.7666666666666675
3321	6.763333333333333
5503	6.7625
16087	6.76
23064	6.76
11791	6.756666666666667
6863	6.755000000000001
22404	6.755
5601	6.75
19257	6.75
21390	6.75
24885	6.747142857142857
3412	6.746666666666667
2047	6.74
14771	6.74
15977	6.74
17099	6.74
17118	6.74
17173	6.74
9921	6.739999999999999
6317	6.734999999999999
16102	6.734999999999999
22497	6.7325
12122	6.73
17939	6.73
19495	6.73
25437	6.73
17738	6.72875
11186	6.726666666666667
574	6.725
8704	6.725
10818	6.725
21495	6.7219999999999995
4250	6.72
357	6.7175
4377	6.7175
3377	6.714
3595	6.7125
16751	6.71
21755	6.71
2420	6.706
24888	6.703333333333333
4588	6.701666666666667
16333	6.7
18159	6.7
408	6.699999999999999
12616	6.695
18003	6.695
4483	6.692857142857143
751	6.69
2810	6.69
20569	6.69
62	6.6885714285714295
7625	6.6883333333333335
12268	6.687142857142858
17724	6.6850000000000005
20568	6.6850000000000005
23555	6.6850000000000005
9273	6.68
9863	6.68
23553	6.68
13624	6.675999999999999
5712	6.675714285714286
18771	6.674285714285714
1841	6.673333333333333
23163	6.673333333333333
6810	6.670000000000001
2203	6.67
23149	6.67
5672	6.665000000000001
12032	6.664
14967	6.662000000000001
1497	6.66
10655	6.66
11196	6.66
17603	6.66
24471	6.66
25059	6.66
12074	6.6549999999999985
17818	6.650000000000001
2762	6.65
11427	6.65
26180	6.6499999999999995
10081	6.645999999999999
17388	6.645
18171	6.645
12266	6.644444444444445
21089	6.641818181818182
5218	6.640000000000001
11911	6.64
21614	6.64
3265	6.636666666666666
14845	6.635
17817	6.633333333333333
17575	6.6325
14707	6.630000000000001
14562	6.63
2350	6.625
12695	6.623333333333334
23653	6.62
24878	6.62
3632	6.617500000000001
23713	6.6175
5938	6.616666666666667
16803	6.613333333333334
2385	6.61
19583	6.609999999999999
3228	6.6066666666666665
12763	6.605
14781	6.605
17403	6.6049999999999995
20644	6.6000000000000005
16340	6.6
3927	6.59
17021	6.59
18245	6.59
19004	6.59
19880	6.589999999999999
18648	6.5875
6824	6.586000000000001
9717	6.585
7015	6.580000000000001
8869	6.58
11612	6.574999999999999
7481	6.573333333333333
18736	6.571818181818181
4000	6.57
10116	6.57
20943	6.57
14952	6.569999999999999
16589	6.5680000000000005
17848	6.56
20883	6.56
23114	6.556428571428571
14132	6.55
16694	6.547777777777778
11132	6.547142857142857
17268	6.545000000000001
193	6.545
830	6.545
6303	6.545
10936	6.543333333333334
11401	6.535
19784	6.535
16109	6.533333333333334
16963	6.53
9082	6.528333333333333
27	6.5275
5478	6.523333333333334
11713	6.52
18489	6.52
13635	6.5125
14485	6.509523809523809
6172	6.506666666666668
5469	6.506666666666667
17308	6.505000000000001
18042	6.5024999999999995
8710	6.5
16899	6.4975000000000005
321	6.495
19703	6.493333333333335
3200	6.49
5257	6.49
19997	6.49
24601	6.49
18030	6.485555555555556
22489	6.483333333333333
9760	6.48
10412	6.48
11718	6.48
21017	6.48
17157	6.478333333333333
16083	6.476999999999999
21727	6.475
14175	6.47
16766	6.466666666666666
5468	6.466000000000001
299	6.465999999999999
142	6.465
16892	6.465
14351	6.463333333333333
14840	6.4625
17968	6.461666666666666
5814	6.46
9922	6.46
11418	6.46
25844	6.46
9915	6.455
18739	6.455
18399	6.45
22189	6.449999999999999
8547	6.44
16234	6.4399999999999995
16332	6.4366666666666665
5441	6.432500000000001
5184	6.43
6737	6.425000000000001
11863	6.425
15127	6.425
10623	6.423333333333333
25287	6.423333333333333
16717	6.421428571428571
3053	6.42
16281	6.42
25664	6.42
495	6.4175
4847	6.416666666666667
6095	6.416666666666667
8219	6.41
18667	6.406666666666666
17731	6.405714285714287
197	6.4
894	6.4
1014	6.4
21560	6.4
10956	6.396666666666666
214	6.395714285714285
24726	6.3950000000000005
18658	6.395
10056	6.3925
15585	6.392000000000001
822	6.390000000000001
1897	6.390000000000001
12106	6.390000000000001
17208	6.390000000000001
11801	6.386363636363637
12130	6.381818181818181
750	6.38
9337	6.38
18908	6.38
16177	6.376666666666668
18398	6.376666666666666
13371	6.3725
10162	6.37
19909	6.37
23687	6.37
25125	6.37
26051	6.37
24141	6.369999999999999
7533	6.367500000000001
18231	6.3675
1594	6.366
4826	6.365
14302	6.365
267	6.363333333333333
715	6.3625
19682	6.3575
25864	6.3549999999999995
15816	6.352499999999999
2949	6.351111111111112
23096	6.35
19059	6.349999999999999
21608	6.347777777777778
2332	6.345
888	6.343333333333334
7635	6.340000000000001
8526	6.340000000000001
5061	6.34
17986	6.34
25114	6.34
25875	6.34
18238	6.336666666666667
3849	6.336666666666666
3280	6.335
15194	6.335
787	6.33
16484	6.33
17273	6.33
19019	6.33
20317	6.33
21131	6.33
22556	6.33
18619	6.3277777777777775
15182	6.3275
23225	6.326666666666667
6443	6.3225
5256	6.32
14763	6.32
14621	6.3149999999999995
24160	6.3149999999999995
25721	6.3149999999999995
4017	6.3100000000000005
14007	6.3100000000000005
1048	6.31
16655	6.306666666666666
22369	6.302727272727271
1857	6.300000000000001
2630	6.298
17750	6.2975
5067	6.295
16543	6.2925
12660	6.29
25601	6.29
16940	6.286666666666666
884	6.285
17343	6.285
5417	6.283333333333332
869	6.282
11968	6.28
14606	6.28
16124	6.28
16649	6.28
16486	6.279999999999999
2611	6.2775
26141	6.2775
3430	6.276000000000001
18790	6.275
23912	6.273333333333333
10468	6.27
1674	6.2683333333333335
1776	6.2675
20807	6.265000000000001
1493	6.264545454545455
22336	6.261818181818182
4633	6.26
12865	6.26
13680	6.26
17797	6.26
24129	6.26
26171	6.26
5729	6.253333333333333
4575	6.252631578947368
855	6.25
6183	6.25
14818	6.25
23154	6.25
25231	6.25
18952	6.245217391304348
17006	6.2425
6527	6.24
1941	6.238571428571428
2073	6.236666666666667
5175	6.234999999999999
18560	6.234999999999999
25442	6.234999999999999
11141	6.234
1839	6.232222222222222
4515	6.230000000000001
9053	6.23
19450	6.23
21171	6.23
10652	6.2299999999999995
2474	6.226666666666667
5571	6.226666666666667
1549	6.225
18723	6.225
20618	6.223333333333334
6064	6.221666666666667
19048	6.220833333333334
17828	6.220000000000001
20184	6.220000000000001
22966	6.220000000000001
3821	6.22
4700	6.22
24385	6.219999999999999
12193	6.215
14383	6.215
25201	6.213846153846154
4630	6.213333333333334
1621	6.21
2004	6.21
6707	6.21
13385	6.21
18783	6.21
20233	6.21
7355	6.2075000000000005
941	6.206666666666667
1658	6.204999999999999
25948	6.204999999999999
25978	6.203333333333333
4266	6.2
8630	6.2
9133	6.2
14377	6.2
17294	6.2
21772	6.2
23506	6.2
4372	6.199999999999999
9439	6.199999999999999
15010	6.1969047619047615
25053	6.196666666666666
13352	6.195
21718	6.1933333333333325
16817	6.190000000000001
21629	6.184285714285715
8593	6.183333333333333
2306	6.1825
6288	6.1816666666666675
5826	6.18
13292	6.18
24183	6.175714285714285
1796	6.175000000000001
7878	6.175
15005	6.175
20641	6.175
8680	6.174
14385	6.170000000000001
1914	6.17
9027	6.17
281	6.1675
7069	6.165
16696	6.165
5268	6.16
15329	6.16
20902	6.157500000000001
3033	6.156666666666666
3983	6.156666666666666
24126	6.155
20853	6.151666666666667
2487	6.15
11037	6.15
21707	6.146666666666666
20432	6.144
25387	6.1433333333333335
21184	6.140000000000001
26190	6.138
26092	6.137499999999999
25130	6.136666666666667
10406	6.135714285714286
25911	6.135
23511	6.1325
8156	6.13
14664	6.13
17275	6.13
7245	6.128749999999999
4958	6.126666666666666
7926	6.125555555555556
25491	6.125
23458	6.1225000000000005
16801	6.12
12874	6.118333333333333
880	6.116666666666667
8876	6.116666666666667
15144	6.115384615384615
16013	6.115000000000001
882	6.115
16498	6.115
20806	6.115
9639	6.113870967741936
24009	6.113333333333333
4673	6.111000000000001
7857	6.109999999999999
15357	6.107777777777779
25382	6.1066666666666665
10310	6.106153846153846
7991	6.105
12803	6.105
15523	6.105
23206	6.105
14430	6.104666666666666
22618	6.1025
21450	6.101999999999999
21530	6.1
4705	6.096363636363637
13387	6.095000000000001
4139	6.095
24924	6.095
23429	6.0925
11951	6.09
22719	6.09
7050	6.088333333333334
14991	6.085
16621	6.085
21799	6.085
6077	6.0825000000000005
2526	6.080000000000001
2926	6.08
16932	6.08
22830	6.08
18091	6.076666666666667
25996	6.0760000000000005
22961	6.075
17016	6.074999999999999
15999	6.074782608695654
3420	6.073333333333333
3731	6.07
10919	6.07
11223	6.07
21321	6.0683333333333325
1660	6.0675
16213	6.066666666666666
7715	6.0649999999999995
14560	6.0649999999999995
21699	6.063333333333333
15415	6.06
20435	6.06
20707	6.06
23214	6.0575
22790	6.0562499999999995
17683	6.055000000000001
6864	6.055
20328	6.055
19207	6.053333333333334
16314	6.05
20702	6.046666666666667
21205	6.046666666666667
13486	6.045
25980	6.045
20934	6.042
4485	6.04
1292	6.036666666666666
16091	6.036666666666666
14924	6.035217391304349
10514	6.035
16265	6.035
4353	6.034999999999999
12687	6.034545454545454
20683	6.031428571428571
4896	6.031000000000001
13022	6.03
16648	6.03
23240	6.03
8871	6.029999999999999
9184	6.029523809523809
19208	6.0275
12380	6.026666666666666
9147	6.023333333333333
9485	6.0200000000000005
7636	6.02
15793	6.02
6724	6.01875
12842	6.018666666666669
7072	6.016666666666667
13493	6.016666666666667
2797	6.01375
15258	6.013333333333333
21708	6.013333333333333
1989	6.0125
21860	6.0125
11820	6.01
1765	6.0062500000000005
16067	6.005
16565	6.005
5065	6.003478260869565
21848	6.002000000000001
8553	6.0
18668	6.0
5225	5.996666666666667
2076	5.995
4164	5.994999999999998
20787	5.993333333333333
21090	5.993333333333333
1858	5.99
5432	5.99
19131	5.99
5125	5.989999999999999
23683	5.989999999999999
8672	5.9887500000000005
18970	5.987500000000001
4379	5.986666666666667
4255	5.984
11459	5.98
20421	5.98
24732	5.98
19109	5.9799999999999995
21665	5.9775
4635	5.975
6008	5.975
9458	5.974
25528	5.973333333333334
3102	5.973333333333333
8626	5.97
11642	5.97
9647	5.968
12553	5.965555555555556
2848	5.965
65	5.964285714285714
24110	5.964285714285714
20924	5.963749999999999
12786	5.961666666666666
19923	5.961
8505	5.960000000000001
21613	5.960000000000001
21949	5.96
22953	5.96
8595	5.956666666666667
14854	5.956666666666667
11591	5.956250000000001
2335	5.955
5444	5.955
9391	5.955
17306	5.954999999999999
3312	5.953333333333333
6911	5.953333333333333
3743	5.95125
9504	5.95
10684	5.95
23989	5.95
25783	5.95
23775	5.949999999999999
16131	5.9475
11821	5.946666666666666
22779	5.946363636363636
20078	5.9433333333333325
18586	5.94
22620	5.94
2852	5.9399999999999995
24816	5.935
16020	5.934285714285714
19607	5.9325
5259	5.9319999999999995
1311	5.93
4960	5.93
20667	5.93
14033	5.928333333333334
253	5.923333333333333
19404	5.923333333333333
20947	5.923333333333333
19809	5.920000000000001
6380	5.92
8726	5.92
8625	5.918571428571428
25957	5.9175
1407	5.916666666666667
12552	5.915
10762	5.914000000000001
17304	5.9125000000000005
12654	5.91125
7350	5.910526315789475
5973	5.91
7126	5.91
12512	5.91
8428	5.909999999999999
1588	5.907368421052632
13291	5.906666666666666
22621	5.906666666666666
15669	5.903333333333333
18160	5.903333333333333
1008	5.9025
3890	5.902222222222222
5767	5.9
13641	5.9
14182	5.9
24503	5.9
26	5.898000000000001
8403	5.898000000000001
14078	5.896000000000001
24101	5.895999999999999
1174	5.8950000000000005
3193	5.890000000000001
1694	5.889
7007	5.886799999999999
5828	5.885
8891	5.885
18338	5.885
21404	5.885
23344	5.880000000000001
749	5.88
6159	5.88
7278	5.88
9517	5.88
10897	5.88
15974	5.88
17131	5.88
23474	5.875
16414	5.874285714285715
12287	5.873333333333332
1425	5.870000000000001
12252	5.87
17569	5.87
18065	5.869999999999999
19383	5.866666666666667
7485	5.866666666666666
18943	5.866470588235294
13673	5.865714285714286
8184	5.865
22224	5.864
22493	5.861428571428571
4959	5.86
15715	5.86
15681	5.859999999999999
17587	5.859999999999999
19557	5.859999999999999
26138	5.859999999999999
9432	5.858
24861	5.857142857142857
9312	5.8566666666666665
22730	5.8566666666666665
21543	5.855714285714286
820	5.855
2516	5.853333333333333
4798	5.853333333333333
9037	5.852
15571	5.8500000000000005
16719	5.85
18126	5.85
8079	5.8475
19800	5.846666666666667
18288	5.845000000000001
8211	5.845
13931	5.840000000000001
15387	5.84
19641	5.84
19931	5.84
23559	5.84
25487	5.84
6611	5.838749999999999
23151	5.837000000000001
1611	5.836666666666666
15145	5.833333333333335
12016	5.832857142857142
5695	5.832352941176471
17330	5.83235294117647
19545	5.830909090909091
5119	5.83
15388	5.83
21776	5.83
12611	5.828
6558	5.8275
24568	5.82625
25469	5.824285714285714
18397	5.822500000000001
179	5.82
4319	5.82
16931	5.81875
9241	5.817692307692307
20424	5.8175
2475	5.816666666666666
23689	5.816666666666666
19101	5.816
20391	5.814285714285714
4771	5.8133333333333335
16674	5.813076923076922
9325	5.8114285714285705
16336	5.8100000000000005
23811	5.8100000000000005
5246	5.81
15191	5.81
17180	5.81
14357	5.8075
18286	5.805714285714286
7023	5.8020000000000005
7888	5.800000000000001
11640	5.8
13604	5.8
17276	5.8
19314	5.798
14009	5.796666666666667
15395	5.796666666666667
24431	5.79625
18579	5.794615384615384
15187	5.79
6904	5.7875
13282	5.786
25526	5.785
18875	5.78125
7573	5.78
20550	5.78
15583	5.779999999999999
3839	5.7793333333333345
9862	5.778571428571428
19433	5.7775
15714	5.7752173913043485
4351	5.774444444444445
11233	5.771250000000001
3999	5.77
10002	5.77
11700	5.77
15961	5.77
24708	5.77
23720	5.766666666666667
22827	5.765000000000001
18455	5.76
18909	5.76
19064	5.76
24960	5.7575
9397	5.7556521739130435
2409	5.755
23529	5.751111111111111
1958	5.751052631578948
7088	5.75
17822	5.75
24470	5.75
8471	5.7491666666666665
18000	5.747058823529412
9968	5.743333333333333
6815	5.743333333333332
6280	5.742
17546	5.74
11734	5.739999999999999
18052	5.739999999999999
21910	5.739090909090909
19697	5.738333333333334
23441	5.738181818181817
8369	5.7375
339	5.736666666666667
14159	5.735
1563	5.733478260869563
22439	5.733333333333333
11047	5.7325
3877	5.731500000000002
1045	5.73
17754	5.73
25204	5.73
6023	5.7299999999999995
7802	5.7299999999999995
17875	5.726666666666667
19022	5.726666666666667
3630	5.725
12639	5.725
12065	5.723333333333334
24456	5.723333333333334
23300	5.7225
2326	5.720000000000001
8824	5.72
10925	5.72
18788	5.72
6442	5.715714285714285
2984	5.715
3607	5.715
7515	5.715
16115	5.715
6934	5.714999999999999
21497	5.713333333333334
22318	5.710000000000001
5387	5.71
22285	5.71
25710	5.71
2394	5.708
21800	5.7075
13702	5.706666666666667
10822	5.705
4846	5.703636363636362
22964	5.703333333333333
4196	5.7
17174	5.7
19090	5.7
25595	5.7
19562	5.6985714285714275
21100	5.698333333333334
24029	5.698
3653	5.696666666666666
6465	5.696
22324	5.695294117647059
12121	5.695
20346	5.695
5835	5.693333333333334
1058	5.691111111111111
20780	5.691000000000001
6641	5.69
13144	5.69
19528	5.69
23806	5.69
23673	5.6899999999999995
6337	5.687000000000001
10211	5.686999999999999
7307	5.686923076923078
8669	5.6866666666666665
15495	5.6850000000000005
11426	5.683333333333334
20014	5.683333333333333
16521	5.6825
4756	5.68
8178	5.68
25609	5.68
16921	5.679166666666667
24845	5.678750000000001
3716	5.677692307692308
853	5.6775
1613	5.677499999999999
3055	5.676956521739132
9017	5.676785714285715
18141	5.676666666666667
18521	5.676666666666667
21130	5.6739999999999995
409	5.670000000000001
3052	5.67
3074	5.67
6631	5.67
8678	5.67
12806	5.669999999999999
19080	5.669999999999999
13142	5.669285714285715
19179	5.668571428571428
25228	5.668
16607	5.6675
14414	5.665
16106	5.665
22603	5.665
10726	5.662857142857143
20613	5.662000000000001
5464	5.661666666666666
22426	5.661666666666666
17419	5.66
17470	5.66
24841	5.6587499999999995
22798	5.658333333333334
25785	5.658333333333334
6804	5.6571428571428575
8530	5.655
20953	5.655
8730	5.653333333333333
12151	5.653333333333333
3858	5.6525
3845	5.65
782	5.6499999999999995
1966	5.6499999999999995
4793	5.648571428571429
3502	5.647777777777779
25408	5.6475
245	5.645
16802	5.645
11400	5.643888888888888
2304	5.6433333333333335
8774	5.642857142857143
18942	5.63913043478261
10427	5.63875
19527	5.6375
23233	5.6375
14661	5.6353846153846145
17426	5.635
17751	5.633529411764706
11721	5.63
24252	5.63
23146	5.6274999999999995
1519	5.626666666666668
2222	5.6259999999999994
4834	5.6258333333333335
3996	5.624
22466	5.6225
25006	5.622272727272728
18067	5.62
161	5.617500000000001
15477	5.616666666666666
11077	5.616428571428571
10597	5.613333333333333
9763	5.6125
22051	5.610000000000001
2295	5.61
17950	5.61
23266	5.61
4034	5.609999999999999
17665	5.609999999999999
6892	5.607058823529411
12262	5.606
25610	5.605
2620	5.60375
9986	5.6
14990	5.6
25388	5.6
8365	5.599999999999999
9482	5.599523809523809
6918	5.5975
7935	5.5975
16877	5.596666666666667
12928	5.5963636363636375
23614	5.594615384615384
10519	5.593333333333334
5639	5.591428571428572
5497	5.59
8520	5.59
12640	5.59
19325	5.59
1281	5.588333333333334
2774	5.588260869565217
7726	5.588
4376	5.5875
25225	5.586666666666667
546	5.585
18941	5.585
12861	5.583333333333333
7096	5.582608695652173
16041	5.5825000000000005
3207	5.58
5674	5.58
19457	5.58
20191	5.579999999999999
21075	5.579375000000001
20003	5.577500000000001
1997	5.5775
11696	5.577368421052633
2501	5.575999999999999
9591	5.575454545454545
8049	5.575
25648	5.575
4433	5.574999999999999
11034	5.573333333333333
4777	5.5725
8446	5.5725
22462	5.5725
17116	5.568
1104	5.5649999999999995
25449	5.5649999999999995
8589	5.564285714285715
9248	5.564
25111	5.564
26013	5.5633333333333335
17944	5.563333333333333
5078	5.561250000000001
3345	5.5600000000000005
1662	5.56
6079	5.56
13026	5.56
16270	5.558571428571428
4288	5.557499999999999
5271	5.555
15524	5.55
16352	5.547333333333333
23637	5.547
824	5.546923076923077
19961	5.546
9020	5.545
16611	5.543333333333333
20850	5.5426666666666655
21861	5.5415
1854	5.54
1880	5.54
4023	5.54
8055	5.54
9832	5.54
15552	5.53888888888889
6340	5.53547619047619
25962	5.535
10719	5.5325
4703	5.530666666666668
17865	5.53
3655	5.529999999999999
16042	5.529999999999999
5227	5.5299999999999985
12460	5.5275
19475	5.526666666666666
20519	5.526666666666666
6896	5.5249999999999995
4825	5.523333333333333
3820	5.522941176470588
18600	5.5225
18741	5.521428571428571
4027	5.52
8391	5.52
23454	5.52
20532	5.518000000000001
23224	5.516666666666667
9606	5.516666666666666
11925	5.516666666666666
18142	5.516666666666666
21158	5.516666666666666
11372	5.516111111111111
6823	5.515714285714286
13801	5.515555555555554
18608	5.515000000000001
22530	5.515
19446	5.514545454545454
13989	5.511
2334	5.510000000000001
8064	5.510000000000001
9735	5.51
15073	5.51
18233	5.506666666666667
23476	5.506666666666667
17277	5.503333333333334
8768	5.502222222222221
14667	5.501250000000001
3651	5.501142857142859
14384	5.5
21778	5.5
22722	5.5
22746	5.5
1896	5.498749999999999
13	5.4975
1341	5.4975
16647	5.496666666666666
21928	5.496666666666666
24001	5.495
2165	5.494615384615385
8116	5.493999999999999
1280	5.493333333333333
14319	5.493333333333333
19297	5.493125000000001
11472	5.493111111111111
2338	5.492142857142857
11275	5.492105263157895
11102	5.491999999999999
18208	5.490416666666666
24474	5.490294117647059
12712	5.489999999999999
13802	5.489999999999999
25286	5.489230769230769
17385	5.488333333333333
23095	5.486666666666667
24204	5.486666666666667
23110	5.486250000000001
11664	5.485
5812	5.484999999999999
19807	5.484999999999999
24057	5.484782608695653
13190	5.484545454545454
16310	5.484117647058823
14051	5.483333333333334
4513	5.482093023255814
7459	5.4816666666666665
4275	5.48
19881	5.48
2457	5.479565217391304
4211	5.476666666666667
4355	5.475806451612903
16835	5.475
14710	5.473333333333333
16482	5.472727272727273
4080	5.4725
11464	5.472142857142857
12311	5.4719999999999995
14102	5.471428571428571
14090	5.4712499999999995
9618	5.470000000000001
14346	5.47
22088	5.47
25139	5.467499999999999
21340	5.465
24582	5.465
9892	5.463333333333334
18453	5.461111111111111
2155	5.461
5771	5.46
8146	5.46
5519	5.456666666666666
5632	5.455
9392	5.455
185	5.453529411764707
21401	5.452500000000001
45	5.45204081632653
4081	5.45
5202	5.45
9264	5.45
18558	5.45
22793	5.446470588235295
12703	5.445
18250	5.445
23167	5.4433333333333325
3006	5.443
5511	5.442499999999999
12247	5.442
4278	5.44
4625	5.44
17564	5.44
12051	5.4399999999999995
17997	5.439285714285715
9306	5.439090909090909
24615	5.438823529411765
18185	5.4384999999999994
19992	5.438
25607	5.437499999999999
6434	5.4366666666666665
2043	5.4350000000000005
20886	5.4350000000000005
21798	5.4350000000000005
19012	5.433999999999999
11939	5.433333333333334
5773	5.4325
22601	5.4308108108108115
11712	5.43
7091	5.426666666666667
5564	5.426
15250	5.425000000000001
19974	5.425
15562	5.4247826086956525
7444	5.424642857142856
19140	5.424285714285715
2182	5.424000000000001
15623	5.423333333333333
23558	5.4225
14181	5.420999999999999
3387	5.417999999999998
21847	5.416874999999998
1093	5.416666666666667
2503	5.416666666666667
2212	5.4144680851063836
11052	5.413333333333334
15938	5.413333333333333
13664	5.412000000000001
22242	5.4110000000000005
16654	5.41095238095238
21432	5.410555555555555
10388	5.41
11035	5.41
12302	5.41
12617	5.41
12691	5.41
15252	5.41
15911	5.41
21638	5.41
20772	5.406666666666666
2980	5.405833333333334
11622	5.405
26181	5.405
6638	5.401666666666666
12135	5.401666666666666
17075	5.400526315789474
10247	5.4
15962	5.4
22239	5.4
573	5.3999999999999995
17125	5.3999999999999995
25916	5.399000000000001
18095	5.398235294117647
19707	5.397142857142858
19808	5.3963636363636365
14340	5.396
19877	5.395999999999999
934	5.395714285714286
18899	5.394
18271	5.391111111111112
13283	5.390000000000001
16971	5.39
19061	5.39
20534	5.387647058823528
9964	5.3875
22725	5.387499999999999
2596	5.386666666666667
10490	5.386666666666667
17778	5.386
6081	5.385
6376	5.385
9736	5.385
17240	5.385
23514	5.385
9634	5.383333333333333
25698	5.383076923076923
5353	5.382499999999999
7446	5.38
3990	5.376666666666668
7956	5.375892857142856
21621	5.375
18444	5.374411764705882
18122	5.373076923076923
4952	5.3725000000000005
1736	5.371666666666667
9143	5.369999999999999
15538	5.368571428571428
3297	5.366666666666667
16659	5.366666666666666
23771	5.365
1090	5.364999999999999
16722	5.361428571428571
19114	5.360967741935485
15172	5.36
8150	5.359999999999999
17443	5.359999999999999
22887	5.359999999999999
2773	5.358
15435	5.356428571428571
18782	5.356
351	5.355294117647059
9483	5.355
12733	5.3549999999999995
19657	5.3549999999999995
13831	5.354999999999999
2607	5.352727272727273
1293	5.35029411764706
5216	5.3500000000000005
11670	5.3500000000000005
4774	5.35
5109	5.35
6702	5.35
21438	5.35
2443	5.3476923076923075
16128	5.347499999999999
16368	5.347272727272727
11445	5.347
3719	5.346363636363637
19791	5.346
16039	5.345714285714286
24133	5.345000000000001
22577	5.345
11630	5.343999999999999
14379	5.343478260869564
17389	5.343333333333334
24616	5.341904761904762
8786	5.341666666666666
3679	5.34
11923	5.34
12644	5.34
18282	5.34
23420	5.34
24870	5.34
24412	5.3388888888888895
6076	5.336666666666667
5510	5.335714285714286
5087	5.335
18996	5.335
21712	5.335
18904	5.333999999999999
25396	5.333478260869565
18297	5.331666666666667
8261	5.331666666666665
345	5.331538461538461
2505	5.33
15306	5.33
23480	5.33
24846	5.33
570	5.32875
8254	5.328461538461539
12425	5.327500000000001
17560	5.326666666666667
5130	5.325
25827	5.325
6264	5.324999999999999
17626	5.324374999999999
26168	5.323333333333333
13992	5.3225
19150	5.3225
7449	5.32
15582	5.3185714285714285
1343	5.316666666666666
21754	5.315833333333333
9630	5.315
17289	5.315
17740	5.315
13032	5.3149999999999995
3388	5.3133333333333335
24819	5.3130434782608695
11148	5.313
4141	5.31
26059	5.306666666666667
23770	5.306
4301	5.305000000000001
4451	5.305
5622	5.305
10115	5.305
14419	5.305
4870	5.303333333333334
17393	5.303333333333334
1023	5.30103448275862
18105	5.300000000000001
18209	5.300000000000001
9039	5.3
11444	5.3
12212	5.3
26176	5.298
24753	5.297692307692308
12797	5.295
25321	5.295
12365	5.294545454545453
20168	5.293000000000001
9025	5.290625
3937	5.29
14619	5.29
18152	5.29
14767	5.289999999999999
23241	5.28952380952381
4018	5.285
19466	5.285
23620	5.285
16056	5.284166666666667
3818	5.283333333333334
13628	5.283333333333334
1488	5.283225806451612
1217	5.281666666666667
9433	5.2811764705882345
22320	5.280666666666667
9769	5.28
13470	5.28
20942	5.28
5162	5.278571428571429
9579	5.275999999999999
22321	5.275714285714286
21943	5.275384615384616
4416	5.274736842105264
5287	5.274
19340	5.273636363636363
7883	5.273333333333333
16353	5.273333333333333
17252	5.273333333333333
10251	5.272
15148	5.2717647058823545
17536	5.271000000000001
1098	5.2700000000000005
15802	5.27
18283	5.27
9066	5.269999999999999
10677	5.266666666666667
20547	5.266666666666667
7719	5.266
22899	5.266
6408	5.263333333333333
1234	5.262857142857143
5621	5.261363636363637
4249	5.26
5425	5.26
13220	5.26
19161	5.26
25557	5.258000000000001
14870	5.258
11227	5.256666666666667
3804	5.255
16210	5.253846153846154
2741	5.252769230769231
14369	5.2509999999999994
20478	5.250769230769231
15805	5.250000000000001
7504	5.25
7895	5.25
9138	5.25
9335	5.25
10824	5.25
19216	5.248235294117648
6541	5.246666666666667
20782	5.246666666666667
22766	5.246666666666666
10791	5.245333333333332
1855	5.245
20182	5.244285714285715
25346	5.244107142857141
3076	5.2425
21436	5.242222222222223
3812	5.242058823529411
5156	5.241999999999999
18331	5.241666666666667
5400	5.24
7265	5.24
11120	5.24
11926	5.24
17951	5.24
19013	5.24
9889	5.238000000000001
20119	5.2379999999999995
10235	5.236923076923077
17990	5.236666666666667
15784	5.235454545454545
26067	5.235
2386	5.234999999999999
9189	5.234
3113	5.231764705882353
25205	5.2305882352941175
5361	5.23
11462	5.23
15665	5.23
7584	5.2299999999999995
17688	5.2299999999999995
12491	5.228666666666667
7264	5.228666666666666
12739	5.228571428571428
19204	5.228181818181818
5212	5.2275
20636	5.2250000000000005
5251	5.225
21386	5.225
18778	5.223529411764707
482	5.222307692307693
19493	5.2219999999999995
9207	5.220000000000001
5485	5.22
5555	5.22
6530	5.22
7477	5.22
25870	5.22
25910	5.219166666666667
7615	5.218571428571428
3766	5.216521739130434
25931	5.216
12851	5.215333333333334
22720	5.215000000000001
74	5.215
3524	5.215
4822	5.215
23757	5.215
24128	5.215
20002	5.2124999999999995
23107	5.212222222222222
23712	5.210294117647059
9216	5.210000000000001
2124	5.21
6529	5.21
13175	5.21
3922	5.2090000000000005
11621	5.208571428571429
6748	5.205
22894	5.205
4104	5.204999999999999
778	5.203333333333333
4639	5.2005263157894746
10590	5.200000000000001
11865	5.2
15641	5.2
23485	5.198333333333333
2982	5.196666666666666
10435	5.196666666666666
15300	5.196315789473684
17461	5.195
18669	5.195
13480	5.194999999999999
16324	5.192857142857143
1908	5.19
9217	5.19
10996	5.19
19244	5.19
7985	5.188666666666665
2922	5.1866666666666665
22278	5.1866666666666665
3814	5.186521739130435
6907	5.185625
2080	5.185
23939	5.184705882352939
2556	5.184545454545455
23708	5.184375
8742	5.183333333333334
6868	5.182647058823529
19939	5.180714285714285
98	5.18
3073	5.18
19351	5.18
19924	5.18
23417	5.177499999999999
18140	5.175000000000002
15457	5.175
4036	5.173333333333333
18866	5.1720454545454535
14690	5.17125
23351	5.171111111111111
15166	5.170000000000001
3811	5.17
10794	5.17
16225	5.17
18032	5.17
23622	5.17
9755	5.168387096774193
17823	5.168235294117647
22087	5.166666666666667
844	5.165
8541	5.165
16266	5.165
20332	5.165
20543	5.163333333333333
4354	5.162999999999999
615	5.162777777777777
23665	5.161666666666666
22423	5.161250000000001
11824	5.16125
3773	5.16
5231	5.16
10807	5.16
18097	5.16
22436	5.16
10163	5.158333333333334
22806	5.158
16620	5.156666666666666
8386	5.155
21466	5.154999999999999
25758	5.154313725490195
13067	5.153333333333333
18256	5.153333333333332
23681	5.151666666666666
13310	5.15
18373	5.15
10615	5.1499999999999995
5412	5.1495
15931	5.149
22504	5.147272727272727
1620	5.147142857142858
3593	5.1466666666666665
15066	5.145714285714286
12423	5.145652173913043
10983	5.1450000000000005
358	5.145
22574	5.144444444444444
832	5.144000000000001
14424	5.144
2184	5.1433333333333335
9593	5.1425
23293	5.14132075471698
1685	5.141111111111112
8215	5.14
11016	5.14
21194	5.14
3099	5.139999999999999
26039	5.138529411764704
6525	5.138235294117648
15516	5.138
6271	5.1370000000000005
23896	5.136666666666668
15479	5.136666666666667
727	5.136666666666666
3522	5.135
20914	5.135
24334	5.135
18983	5.1325
13056	5.132000000000001
188	5.130000000000001
18971	5.130000000000001
16608	5.13
6158	5.1275
15383	5.1274999999999995
12453	5.127333333333332
2661	5.127142857142857
20217	5.126666666666666
20414	5.126666666666666
1840	5.1259999999999994
2455	5.125
5230	5.125
7013	5.123888888888889
9092	5.123333333333334
22375	5.123333333333333
22834	5.123333333333333
244	5.122857142857143
19705	5.122173913043477
3418	5.122000000000001
10024	5.122
3283	5.121470588235294
1124	5.12
3171	5.12
4290	5.12
15829	5.12
17285	5.12
19996	5.12
21824	5.119
18396	5.118333333333334
23967	5.118
12710	5.116969696969697
18365	5.114285714285715
5953	5.112857142857143
25777	5.112222222222221
15708	5.110869565217391
9721	5.109999999999999
7154	5.1084615384615395
449	5.108333333333335
15683	5.1080000000000005
17472	5.107142857142857
24477	5.107142857142857
4641	5.1049999999999995
15659	5.104222222222223
17584	5.103809523809523
12318	5.103333333333333
21379	5.1027272727272734
2530	5.100000000000001
16941	5.1
17988	5.1
22811	5.1
6610	5.09985294117647
19781	5.098749999999999
6154	5.098
6156	5.0975
4364	5.097272727272728
9459	5.096666666666667
11082	5.096666666666667
2952	5.094666666666667
20576	5.094634146341464
9389	5.093333333333334
24293	5.092999999999999
23946	5.0920000000000005
10458	5.0914285714285725
5843	5.090000000000001
15423	5.09
17207	5.09
26194	5.09
3843	5.088947368421053
4550	5.088571428571429
7357	5.0885
1653	5.0878571428571435
10543	5.086666666666667
5134	5.085714285714286
12085	5.085555555555556
3037	5.085
7877	5.085
21713	5.085
16994	5.084
10243	5.081428571428572
17655	5.080151515151515
1823	5.08
12980	5.079999999999999
19723	5.078
15678	5.077777777777778
17280	5.0775
12587	5.077333333333333
5543	5.076666666666667
16231	5.076666666666666
6944	5.075
1258	5.074999999999999
7197	5.074761904761905
2621	5.0735294117647065
10620	5.073333333333333
15189	5.07304347826087
3980	5.07
8970	5.07
11405	5.07
12155	5.07
16348	5.07
26130	5.07
19553	5.069999999999999
25582	5.069999999999999
19724	5.066666666666666
22989	5.066000000000001
18685	5.065714285714286
13990	5.065
25069	5.0649999999999995
676	5.064615384615385
24371	5.062272727272727
16123	5.0600000000000005
13501	5.06
16084	5.06
9021	5.058571428571428
231	5.057999999999998
14808	5.057826086956522
21968	5.0576923076923075
8222	5.0575
6506	5.055000000000001
6963	5.055000000000001
20827	5.055000000000001
7885	5.055
9075	5.055
22074	5.054
3059	5.053333333333334
23945	5.053333333333334
17559	5.052307692307692
4135	5.0520000000000005
18592	5.0520000000000005
16590	5.051333333333333
1430	5.05
4472	5.05
8263	5.05
18585	5.05
19608	5.05
20616	5.05
624	5.049411764705883
16162	5.048333333333333
12334	5.047692307692308
13384	5.046875
5266	5.045
8069	5.045
12053	5.0425
19423	5.041111111111111
21206	5.04
3909	5.035294117647059
22527	5.034799999999999
22028	5.034000000000001
14540	5.033695652173913
2623	5.0323529411764705
16594	5.032105263157894
14638	5.032
19463	5.031499999999999
734	5.03
6456	5.03
9514	5.03
10346	5.03
24242	5.03
5848	5.029999999999999
18552	5.029999999999999
4241	5.0294444444444455
6387	5.028260869565217
4713	5.0280000000000005
25359	5.027
1151	5.026923076923078
12781	5.025263157894737
21178	5.02483870967742
12720	5.024615384615386
14648	5.023548387096774
19612	5.0216666666666665
25034	5.021578947368422
20261	5.0200000000000005
9266	5.02
17465	5.02
9572	5.018529411764705
15414	5.018461538461538
2042	5.015882352941177
6010	5.015
7650	5.014324324324325
2116	5.014
20000	5.014
3243	5.013333333333333
6583	5.0124
15126	5.0122222222222215
26006	5.010000000000001
9074	5.01
10004	5.01
10134	5.01
4755	5.009047619047617
22644	5.008333333333334
3534	5.007826086956522
26038	5.007333333333334
12927	5.005624999999999
12709	5.005
8151	5.002857142857144
21825	5.002608695652174
18225	5.0007142857142854
3501	5.000000000000001
1248	5.0
6033	5.0
9387	5.0
19387	5.0
21031	5.0
7383	4.99923076923077
25107	4.9990000000000006
5578	4.998571428571428
25537	4.996666666666666
25998	4.995333333333333
2404	4.995
1000	4.9928
15528	4.9925
26065	4.992222222222222
22523	4.992000000000001
3982	4.99
5402	4.99
11610	4.99
20089	4.989999999999999
18743	4.989230769230769
21508	4.988805970149253
13847	4.9885714285714275
1265	4.987
22738	4.986666666666667
21030	4.986521739130436
24595	4.984999999999999
25043	4.984
6711	4.983333333333333
1278	4.9825
7801	4.9816666666666665
18013	4.9816666666666665
17807	4.981190476190476
1879	4.98
14499	4.98
14599	4.98
17235	4.98
21391	4.98
20660	4.9799999999999995
21646	4.978888888888888
24939	4.976666666666667
3939	4.97388888888889
24955	4.973333333333333
24814	4.9714285714285715
2527	4.97
8925	4.97
12884	4.97
16357	4.968
20335	4.966666666666667
22815	4.966
11011	4.965714285714285
25180	4.965000000000001
21663	4.965
24593	4.965
13520	4.96
14157	4.9589189189189185
23693	4.9577777777777765
11293	4.957692307692308
23649	4.955555555555556
5825	4.955
17231	4.955
22879	4.954000000000001
16743	4.953333333333333
12938	4.952500000000001
141	4.95
19578	4.95
23513	4.95
15235	4.94875
17984	4.946666666666666
6544	4.945500000000001
12338	4.945
17884	4.945
4115	4.944
8279	4.9399999999999995
16756	4.9399999999999995
4814	4.938999999999998
3386	4.938181818181818
2560	4.937777777777778
15184	4.936923076923078
12675	4.9366666666666665
25644	4.9366666666666665
5605	4.936
18215	4.9354545454545455
2341	4.9350000000000005
10022	4.9350000000000005
11109	4.9350000000000005
22144	4.934545454545454
17785	4.933333333333334
22598	4.932777777777776
18924	4.932499999999999
12496	4.931250000000001
19980	4.93125
20952	4.930000000000001
951	4.93
24583	4.93
14969	4.928571428571429
9208	4.9278571428571425
5717	4.9255555555555555
15917	4.925
10711	4.923043478260868
20635	4.921702127659575
13684	4.920000000000001
3362	4.92
16819	4.92
20108	4.919333333333332
17250	4.918
6222	4.917352941176469
4743	4.917199999999999
1556	4.916666666666667
3677	4.915833333333334
23363	4.915
18156	4.91
23859	4.91
23481	4.909999999999999
10942	4.909090909090909
23577	4.90888888888889
3323	4.9079999999999995
17149	4.906666666666667
8443	4.905
2826	4.904
8074	4.903333333333333
16278	4.903333333333333
8280	4.902941176470588
11823	4.9025
19741	4.901999999999999
25060	4.90090909090909
6009	4.9
9441	4.9
16818	4.9
17850	4.9
25988	4.9
9943	4.899090909090909
5052	4.897931034482759
25089	4.896666666666667
5435	4.8966666666666665
11015	4.896363636363636
25470	4.895
16730	4.894666666666668
9764	4.894
8968	4.892
938	4.890000000000001
183	4.89
4247	4.89
5059	4.89
16906	4.8875
4988	4.886666666666667
8335	4.886666666666667
21710	4.886666666666667
25628	4.886666666666667
16511	4.885000000000001
22225	4.885
18299	4.884
19089	4.882
22032	4.881538461538461
1838	4.88
3007	4.88
10026	4.88
15572	4.88
492	4.878571428571428
17501	4.877692307692308
12551	4.877142857142857
24489	4.877142857142857
20344	4.876666666666666
7689	4.8762500000000015
1667	4.875555555555556
25108	4.875217391304346
915	4.875
16226	4.875
4650	4.87
6354	4.87
12295	4.87
15600	4.87
18151	4.87
22831	4.87
6179	4.869999999999999
14807	4.868999999999998
1520	4.868333333333333
11811	4.868333333333333
17113	4.868333333333333
12472	4.868181818181818
20664	4.868
18193	4.867999999999999
17172	4.867500000000001
3164	4.865
18279	4.865
22744	4.863333333333334
13164	4.863076923076923
21220	4.8627272727272715
13813	4.8623076923076916
24479	4.861764705882352
5597	4.861666666666667
13196	4.86
15682	4.859999999999999
25836	4.8575
26098	4.8566666666666665
16505	4.856
24718	4.855500000000001
1545	4.854285714285715
8216	4.8533333333333335
15082	4.8533333333333335
369	4.85
2136	4.85
4702	4.85
7442	4.848333333333333
5934	4.848235294117647
12507	4.847619047619047
8854	4.846
88	4.845476190476189
21630	4.845
23552	4.844999999999999
6675	4.8420000000000005
23303	4.840000000000001
11965	4.84
12141	4.84
24127	4.84
26048	4.84
14534	4.835833333333333
16553	4.834999999999999
20716	4.8339285714285705
12313	4.833333333333333
7475	4.831666666666667
10588	4.8308333333333335
3409	4.8306249999999995
4631	4.83
16258	4.8269230769230775
2054	4.824
2342	4.823333333333333
16876	4.822857142857143
2993	4.822
677	4.82
21705	4.82
25057	4.82
4189	4.819999999999999
20562	4.819777777777777
24559	4.818695652173912
11746	4.815714285714286
3209	4.8149999999999995
7768	4.8149999999999995
7204	4.8133333333333335
13482	4.810588235294118
23219	4.8100000000000005
1668	4.81
13616	4.81
23099	4.81
23186	4.81
11009	4.8075
23751	4.807499999999999
9471	4.807083333333332
8701	4.806
20258	4.805000000000001
24620	4.803333333333334
18649	4.802941176470589
23204	4.801666666666668
9959	4.8
18676	4.7988888888888885
5807	4.797777777777778
13714	4.7952941176470585
18884	4.795
25115	4.795
17124	4.794
13205	4.792
3310	4.79125
14067	4.790000000000001
1595	4.79
7911	4.79
8862	4.79
20033	4.79
22378	4.79
5901	4.78888888888889
10477	4.788500000000001
16575	4.788333333333333
24696	4.7879999999999985
6700	4.7870967741935475
19168	4.786666666666667
2997	4.786666666666666
18633	4.785714285714286
9785	4.785294117647059
13319	4.7825
24835	4.78125
23672	4.78
13404	4.778125000000001
10041	4.776666666666667
12860	4.776666666666666
4724	4.775
7853	4.77
13036	4.77
22903	4.769999999999999
15933	4.769024390243903
23403	4.7681818181818185
17233	4.7675
8879	4.764000000000001
5267	4.763333333333333
1817	4.762
16022	4.76125
5957	4.760714285714285
7277	4.760000000000001
6971	4.76
12050	4.76
10841	4.758571428571429
16101	4.757999999999999
20383	4.756
15485	4.755000000000001
11470	4.755
1186	4.754705882352941
20926	4.753333333333333
11194	4.75
19060	4.75
23727	4.75
15244	4.749491525423728
13096	4.746818181818181
135	4.746363636363637
22457	4.745000000000001
6708	4.744285714285715
19078	4.743333333333333
1787	4.74
5143	4.74
6895	4.74
13174	4.74
19324	4.74
26127	4.74
23093	4.738333333333332
4697	4.7379999999999995
15159	4.7375
3827	4.736666666666666
23647	4.735833333333334
9710	4.7355
10880	4.735
21051	4.735
9188	4.733333333333333
9267	4.733333333333333
13597	4.732941176470587
19586	4.732857142857143
11107	4.7325
10765	4.731666666666667
12070	4.731
17090	4.73
18218	4.73
12043	4.7299999999999995
10113	4.729166666666667
17001	4.728333333333333
8851	4.728181818181818
20427	4.727500000000001
22610	4.7275
15396	4.726666666666667
11964	4.726153846153847
23950	4.725
23161	4.7225
14615	4.720000000000001
17228	4.720000000000001
5107	4.72
18143	4.719411764705883
10801	4.719166666666667
19640	4.716399999999999
22555	4.716153846153846
2614	4.715
6538	4.713333333333334
13346	4.7130769230769225
9643	4.7125
22108	4.712
1915	4.71
2142	4.71
5629	4.7075
15614	4.705714285714286
8177	4.7057142857142855
2303	4.705
7717	4.7047058823529415
23134	4.704285714285714
18894	4.7029787234042555
13328	4.70125
215	4.7
2298	4.7
2593	4.7
4181	4.7
7590	4.7
20373	4.699199999999999
19678	4.697857142857143
2200	4.6975
19895	4.6975
17692	4.69711111111111
5366	4.695
18905	4.695
2654	4.693684210526317
9656	4.693095238095237
16976	4.691818181818182
6735	4.691666666666666
3748	4.69
18217	4.69
1051	4.6899999999999995
7632	4.6899999999999995
25086	4.688999999999999
22951	4.688750000000001
20574	4.687567567567566
4490	4.6875
19686	4.6866666666666665
11030	4.686
11241	4.685714285714285
18511	4.685555555555556
22319	4.685
13355	4.683333333333334
5360	4.68
15198	4.68
17251	4.68
19110	4.68
20422	4.68
8312	4.677142857142856
21125	4.676666666666667
2133	4.676666666666666
187	4.675
20597	4.675
10456	4.674444444444443
16389	4.671153846153844
7585	4.67
9341	4.67
22729	4.67
23986	4.668571428571428
16749	4.666666666666667
25250	4.6657142857142855
5660	4.665
12615	4.663333333333333
13955	4.6625
373	4.66
1006	4.66
8442	4.66
16962	4.66
20196	4.66
11785	4.65857142857143
10039	4.658181818181818
4302	4.6575
17580	4.6573913043478266
23880	4.6571428571428575
24453	4.656000000000001
14265	4.655675675675676
10564	4.655
17189	4.654999999999999
17022	4.652857142857142
2761	4.6525
8864	4.6525
3178	4.65
15247	4.65
15960	4.65
17468	4.6499999999999995
14308	4.648571428571429
22177	4.648095238095237
16778	4.64625
19865	4.645384615384614
23943	4.645
26196	4.644285714285714
2255	4.644
3955	4.6433333333333335
1793	4.640000000000001
3989	4.64
20053	4.64
24272	4.64
24713	4.64
17824	4.6376470588235295
3066	4.636666666666667
24210	4.635
12213	4.633333333333333
19560	4.633333333333333
78	4.630000000000001
2352	4.63
23216	4.63
23471	4.63
12885	4.626956521739131
6576	4.625
21281	4.624810126582278
20567	4.623636363636365
7893	4.622222222222223
2169	4.62
6503	4.62
8614	4.62
18195	4.62
13008	4.618947368421052
10555	4.618333333333333
19081	4.6175
20148	4.6175
25569	4.616
10381	4.615555555555556
8134	4.615
16235	4.615
7774	4.612500000000001
5606	4.61
9314	4.61
11815	4.61
10096	4.607777777777779
15123	4.6066666666666665
21723	4.606
18487	4.605555555555555
10532	4.6054545454545455
23394	4.605
12618	4.6049999999999995
14864	4.604
11325	4.6033333333333335
9962	4.603333333333333
9937	4.601428571428571
3197	4.6000000000000005
16858	4.6000000000000005
9098	4.6
25668	4.6
6575	4.596363636363636
19739	4.595000000000001
4032	4.595
20122	4.595
22379	4.595
23424	4.595
348	4.59
1608	4.59
9099	4.59
11840	4.59
14933	4.59
17932	4.589090909090909
9869	4.587560975609756
14286	4.586666666666667
4782	4.585714285714286
12606	4.585714285714286
9994	4.585
24451	4.585
16264	4.5842857142857145
19084	4.5840000000000005
25419	4.5840000000000005
3063	4.583333333333333
3231	4.583333333333333
19144	4.5825
23674	4.582307692307692
1832	4.58
6888	4.58
22929	4.58
22976	4.58
10338	4.579999999999999
811	4.577777777777778
25289	4.577500000000001
21203	4.5775
11318	4.576666666666667
8666	4.576666666666666
11213	4.576666666666666
1834	4.575
2591	4.575
22502	4.573333333333333
1078	4.572
8375	4.571818181818181
3372	4.571632653061225
18580	4.57
17782	4.569999999999999
16765	4.5675
46	4.567142857142857
15616	4.566666666666666
14746	4.566
9829	4.5633333333333335
12158	4.5633333333333335
20765	4.561111111111111
5404	4.5600000000000005
13012	4.5600000000000005
13469	4.5600000000000005
269	4.56
731	4.56
2452	4.56
7452	4.56
14976	4.558333333333333
23864	4.557777777777777
21998	4.557499999999999
639	4.557142857142858
17721	4.557
4102	4.5566666666666675
2009	4.556666666666666
23723	4.55625
11279	4.555
3652	4.5539130434782615
24833	4.553529411764706
2784	4.553333333333334
7525	4.5526470588235295
4727	4.5525
21771	4.551428571428572
2307	4.55
4552	4.55
21012	4.549259259259258
6627	4.546666666666667
22693	4.546666666666667
2003	4.545
24294	4.544615384615384
5655	4.5424999999999995
9774	4.542
8224	4.541666666666667
12749	4.54
13651	4.54
25667	4.54
19489	4.539375
21832	4.53875
12286	4.537000000000001
3998	4.536666666666666
19645	4.53547619047619
4488	4.5344444444444445
21149	4.533333333333334
18517	4.532222222222222
5608	4.53
7578	4.53
11502	4.53
14652	4.53
9715	4.5280000000000005
20511	4.5278125
19573	4.52764705882353
1711	4.527500000000001
3526	4.525
8408	4.525
23968	4.525
5993	4.524615384615385
8721	4.52375
1404	4.522499999999999
5116	4.522
9426	4.5200000000000005
6190	4.52
8735	4.52
18543	4.52
23462	4.52
15455	4.518823529411765
11733	4.516923076923076
13369	4.516666666666667
8511	4.51625
21339	4.515
10550	4.5125
7479	4.512
2532	4.51
8623	4.51
21491	4.51
21523	4.51
25189	4.5075
25660	4.505999999999999
13859	4.50375
25511	4.503333333333333
14512	4.502142857142857
2449	4.501764705882353
396	4.5
3174	4.5
17911	4.5
11572	4.496666666666667
9209	4.495
3411	4.493333333333333
5172	4.492999999999999
4052	4.49
12868	4.49
19962	4.49
14843	4.489999999999999
24454	4.489999999999999
17379	4.488571428571428
10130	4.487333333333335
17194	4.486
1149	4.482222222222223
4195	4.482
2870	4.48
10638	4.48
11719	4.48
13711	4.48
15422	4.48
15814	4.48
18344	4.48
20560	4.48
26191	4.48
17453	4.477142857142857
12040	4.476000000000001
10055	4.474117647058824
8045	4.472666666666667
11902	4.4725
5131	4.472352941176471
3204	4.471666666666667
12503	4.47111111111111
25575	4.470000000000001
4634	4.47
26088	4.47
23841	4.468999999999999
5738	4.468333333333333
21994	4.468235294117647
17266	4.4655555555555555
4442	4.465454545454546
10463	4.465
10376	4.464
8307	4.463333333333334
25896	4.4628571428571435
6030	4.4625
12308	4.4625
18174	4.4625
22979	4.4624999999999995
284	4.46
13325	4.46
20792	4.46
25095	4.46
3824	4.459411764705882
13614	4.458749999999999
18109	4.458
23066	4.456666666666667
15214	4.456666666666666
22415	4.456666666666666
8731	4.455
26058	4.452
6807	4.45
11579	4.45
18154	4.45
23509	4.45
24271	4.45
8823	4.448333333333334
10358	4.446666666666666
12735	4.446
21853	4.446
5960	4.445
15163	4.443333333333334
1356	4.4425
5392	4.4425
6218	4.4423076923076925
6389	4.44
9414	4.44
13558	4.4399999999999995
13929	4.438444444444444
9800	4.435555555555556
5084	4.4350000000000005
887	4.435
12369	4.435
23554	4.435
1877	4.433000000000001
14123	4.430769230769231
22082	4.430000000000001
17563	4.43
17794	4.43
14149	4.42875
22018	4.42875
8549	4.428181818181819
24475	4.426666666666667
16415	4.426666666666666
7194	4.426
3048	4.424
2562	4.422499999999999
9659	4.422
19252	4.42
1279	4.415
5541	4.413333333333333
7311	4.413333333333333
22476	4.412857142857143
14374	4.4125
25611	4.412000000000001
12406	4.411
4146	4.410000000000002
2044	4.41
2193	4.41
6738	4.41
13202	4.41
17082	4.408
14373	4.40764705882353
8448	4.4067647058823525
23038	4.405454545454545
20774	4.405333333333332
6073	4.405
7645	4.405
20803	4.405
22832	4.405
13364	4.4025
23503	4.40125
18582	4.4
25143	4.4
19613	4.3999999999999995
23068	4.3999999999999995
15003	4.399677419354839
16032	4.398750000000001
8153	4.3975
16831	4.3966666666666665
23863	4.395
8503	4.393571428571428
2959	4.393000000000001
16882	4.392857142857143
9924	4.392
7447	4.3919999999999995
16754	4.391666666666667
15642	4.39
17819	4.38764705882353
16110	4.386666666666667
10268	4.385714285714285
22188	4.385000000000001
1962	4.385
6364	4.385
9249	4.38304347826087
1267	4.3825
13659	4.38125
12788	4.379499999999999
19316	4.3775
2485	4.375
11182	4.375
13322	4.375
13677	4.375
22848	4.375
12324	4.3740000000000006
17467	4.373333333333334
1981	4.372857142857143
20595	4.372222222222223
200	4.3707142857142856
6229	4.37
7588	4.37
8047	4.37
25435	4.37
12802	4.3685294117647056
4748	4.36578947368421
18276	4.365
14003	4.364999999999999
5673	4.3625
9030	4.3625
2883	4.36
15663	4.36
17935	4.36
22599	4.359999999999999
2710	4.359393939393939
15664	4.3575
5849	4.3533333333333335
18719	4.353181818181818
2287	4.352142857142858
20879	4.350666666666667
7010	4.3500000000000005
29	4.35
350	4.35
3772	4.35
4967	4.35
6512	4.346326530612245
10062	4.345714285714285
24330	4.345000000000001
10383	4.345
20479	4.345
13995	4.343999999999999
17187	4.343999999999999
5166	4.343333333333334
6746	4.343333333333333
6316	4.34
18375	4.34
5210	4.339696969696971
24097	4.337
7844	4.336923076923076
6482	4.336153846153847
6628	4.335
21433	4.335
11490	4.3340000000000005
2340	4.333333333333333
15821	4.3325000000000005
5830	4.33
20893	4.33
15108	4.328181818181817
16496	4.325
7188	4.324166666666666
24781	4.324000000000001
6301	4.323846153846154
10871	4.323571428571428
836	4.323333333333333
6532	4.323333333333333
15799	4.323333333333333
24060	4.323333333333333
6774	4.322592592592592
2249	4.32125
17502	4.32
16006	4.313529411764707
4708	4.3133333333333335
14770	4.3125
6859	4.31
11617	4.31
13741	4.31
23418	4.31
25661	4.31
23855	4.3075
19454	4.306666666666667
10912	4.306666666666666
15173	4.303043478260869
15920	4.300000000000001
22503	4.300000000000001
20553	4.3
20654	4.3
9313	4.299677419354839
23915	4.298888888888889
4632	4.2975
24722	4.297499999999999
23530	4.296666666666667
22691	4.295844155844157
1073	4.293333333333334
12688	4.293333333333333
16495	4.293333333333333
773	4.2932727272727265
13556	4.2924999999999995
10496	4.291428571428572
4511	4.291111111111111
1347	4.29
10133	4.29
10522	4.29
23918	4.29
2250	4.287647058823531
23382	4.286666666666666
11114	4.285
14616	4.285
15209	4.285
16545	4.285
19442	4.285
20517	4.283333333333334
22975	4.282
7105	4.28
7647	4.28
16358	4.28
17178	4.28
23652	4.28
81	4.279999999999999
15657	4.279999999999999
10350	4.27953488372093
23423	4.2780000000000005
20250	4.277391304347827
3547	4.276923076923077
3872	4.27625
9765	4.276
5144	4.275
11626	4.275
22980	4.275
25209	4.2749999999999995
6455	4.27
17120	4.27
21195	4.265000000000001
19143	4.263333333333334
11607	4.262499999999999
25849	4.260000000000001
7601	4.26
6427	4.258333333333333
24	4.2575
18037	4.256666666666667
19957	4.255333333333334
19890	4.255
1059	4.253333333333333
24207	4.251428571428571
5862	4.250000000000001
13703	4.25
14711	4.25
19964	4.25
13199	4.247999999999999
19675	4.2475000000000005
9629	4.246666666666667
7267	4.245
1508	4.243333333333333
18920	4.243333333333333
22483	4.2425
21162	4.242
22393	4.241999999999999
11661	4.241249999999999
15800	4.24
18094	4.24
25215	4.2379999999999995
16429	4.236666666666667
24034	4.236666666666667
6513	4.235
7038	4.235
13649	4.235
25676	4.234999999999999
9722	4.2335714285714285
3878	4.233333333333333
6421	4.2316666666666665
7463	4.2316666666666665
11183	4.23
16280	4.23
16568	4.23
11604	4.2299999999999995
17843	4.2299999999999995
22235	4.2299999999999995
25545	4.2299999999999995
17439	4.228620689655172
205	4.2266666666666675
19870	4.226190476190477
4258	4.225
21931	4.2245454545454555
6388	4.223913043478262
11495	4.223333333333334
19900	4.2225
24762	4.222499999999999
12235	4.221666666666667
6830	4.2202222222222225
3850	4.22
21317	4.22
23383	4.22
23416	4.22
25486	4.22
2912	4.2188888888888885
2752	4.215
19246	4.214499999999999
2115	4.214117647058824
14766	4.2140476190476175
25436	4.213333333333334
8517	4.2128571428571435
1116	4.211111111111112
22901	4.210588235294118
2309	4.21
11812	4.21
1044	4.208749999999999
1995	4.207619047619047
19687	4.2075
9450	4.205
6494	4.204285714285715
8063	4.204
10884	4.203333333333334
8048	4.203333333333333
24023	4.202222222222222
18088	4.20125
22937	4.2
25304	4.2
25354	4.199999999999999
851	4.196666666666666
178	4.195
14353	4.195
18764	4.193333333333333
16640	4.192857142857142
4469	4.19
24002	4.19
22046	4.1890909090909085
12166	4.1866666666666665
13615	4.1866666666666665
2535	4.186190476190476
19605	4.185
19642	4.185
22083	4.182857142857143
1310	4.180000000000001
165	4.18
8409	4.18
24240	4.17875
1738	4.176666666666667
20236	4.176666666666667
22284	4.176499999999999
18314	4.176
3239	4.175
5056	4.175
15372	4.175
13276	4.174999999999999
20059	4.1742857142857135
21469	4.173333333333333
25589	4.173333333333333
2465	4.172499999999999
18540	4.172142857142857
2785	4.17
14079	4.17
19568	4.17
7712	4.168333333333333
25402	4.167142857142857
21815	4.16625
6642	4.163333333333333
937	4.160000000000001
97	4.16
23084	4.159999999999999
15245	4.156666666666667
16823	4.156666666666666
5359	4.155
15175	4.153333333333333
4013	4.151
5631	4.15
11593	4.15
19911	4.15
20305	4.15
23836	4.148000000000001
2536	4.1475
23628	4.143333333333333
10966	4.141666666666667
1026	4.140000000000001
748	4.14
14037	4.14
23944	4.14
5209	4.136666666666666
14542	4.136470588235294
8552	4.136
7882	4.135
20129	4.133333333333334
3916	4.1325
8349	4.13
18098	4.13
22778	4.128
22876	4.127692307692308
16624	4.126666666666666
1386	4.123333333333333
22917	4.122727272727272
16159	4.1225000000000005
14834	4.122142857142856
23805	4.120833333333333
15943	4.12
19520	4.12
24270	4.119999999999999
17878	4.11
25482	4.11
10153	4.1075
580	4.105
19222	4.105
20030	4.104285714285714
16469	4.102105263157895
12370	4.1000000000000005
302	4.1
13600	4.1
15913	4.1
18623	4.1
19464	4.1
23812	4.1
15006	4.099333333333334
11861	4.0988235294117645
21313	4.096666666666667
5809	4.095
11379	4.095
19451	4.095
9283	4.0928571428571425
6648	4.0925
9124	4.0925
19603	4.0925
1353	4.09
2201	4.09
12192	4.09
23346	4.09
18443	4.0875
22265	4.087272727272727
3977	4.087142857142856
4878	4.085
19624	4.0825
5365	4.08
22109	4.08
22433	4.08
17600	4.077647058823531
2072	4.076875
22	4.075
9907	4.075
11528	4.075
6579	4.07
17588	4.07
23094	4.07
24032	4.07
9984	4.066666666666666
25271	4.0649999999999995
8053	4.0633333333333335
17134	4.0633333333333335
21324	4.061999999999999
21309	4.06
22184	4.06
8612	4.058333333333333
22836	4.0566666666666675
13357	4.056666666666666
93	4.056
4273	4.055
25784	4.055
2316	4.053333333333334
5465	4.053333333333333
1074	4.052941176470588
11609	4.05125
17670	4.0475
23051	4.047499999999999
10390	4.046666666666667
17681	4.045714285714285
2144	4.043913043478261
25541	4.04125
3442	4.040000000000001
4583	4.04
5853	4.04
16331	4.04
18125	4.04
17538	4.038333333333333
5302	4.034545454545455
2368	4.033333333333334
25480	4.031428571428572
8372	4.03
8476	4.03
15366	4.03
16755	4.03
21191	4.03
25554	4.0275
17297	4.026666666666666
320	4.0249999999999995
4624	4.022500000000001
19248	4.0200000000000005
1101	4.02
4966	4.02
18681	4.016666666666667
21563	4.015000000000001
8705	4.015
12306	4.013333333333333
14020	4.012
17345	4.01
6941	4.008
2566	4.006666666666667
8732	4.006666666666667
8727	4.006060606060605
2805	4.005
4766	4.005
7386	4.005
18940	4.004666666666667
16830	4.003333333333333
3594	4.0024999999999995
11537	4.0024999999999995
17414	4.002222222222222
14747	4.0
19955	4.0
20587	4.0
20960	4.0
8978	3.9975
14094	3.9975
6411	3.9966666666666675
24174	3.9966666666666666
12545	3.995454545454545
20315	3.9950000000000006
17923	3.995
21549	3.9949999999999997
15687	3.9933333333333327
19517	3.9925
5739	3.9924999999999997
8087	3.9899999999999998
18544	3.9899999999999998
12866	3.986666666666667
22839	3.986666666666667
914	3.985714285714286
11616	3.9850000000000003
15305	3.985
14972	3.983333333333333
12701	3.9825
22609	3.9800000000000004
17859	3.98
21594	3.98
14372	3.9749999999999996
8387	3.97
11623	3.97
14370	3.9666666666666663
16148	3.9655555555555555
18621	3.9642857142857144
25631	3.9625000000000004
6056	3.9619999999999997
9417	3.96
11969	3.96
24295	3.9599999999999995
11844	3.9533333333333336
4371	3.953333333333333
17804	3.953333333333333
12101	3.9508333333333323
17994	3.95
3730	3.9499999999999997
11402	3.9475
17764	3.9471428571428575
17595	3.9466666666666668
14174	3.9450000000000003
6878	3.9433333333333334
4068	3.943076923076923
15624	3.94
17396	3.94
20663	3.94
5488	3.936
22741	3.9355
4512	3.9323529411764713
2049	3.93
9522	3.9299999999999997
5346	3.928
8031	3.9275
23786	3.925
20319	3.9200000000000004
22233	3.9185714285714286
12722	3.917142857142857
24706	3.9169230769230765
22366	3.9168421052631586
4144	3.915
8916	3.9145454545454546
15580	3.9142857142857137
2563	3.91
3034	3.91
4642	3.91
11876	3.908
1859	3.9050000000000002
25934	3.9050000000000002
3096	3.9049999999999994
19015	3.9025000000000003
18587	3.9025
6635	3.9
18144	3.9
19954	3.8949999999999996
12034	3.8939999999999997
14165	3.8937500000000003
25540	3.89125
17956	3.8900000000000006
19548	3.89
17864	3.8825000000000003
19206	3.8800000000000003
26193	3.8800000000000003
18622	3.88
22075	3.88
23246	3.876666666666667
23464	3.876666666666667
21341	3.8733333333333335
25684	3.8733333333333335
3058	3.87
5262	3.87
7594	3.87
16470	3.87
4269	3.8699999999999997
14089	3.8679999999999994
4446	3.8674999999999997
21650	3.867142857142858
3618	3.8669230769230767
6350	3.86375
16708	3.8625000000000003
6315	3.86
8147	3.86
8972	3.86
13683	3.856666666666667
22758	3.855454545454546
3852	3.855
15192	3.855
25615	3.855
18613	3.8549999999999995
7725	3.8516666666666666
10382	3.85
10881	3.85
15365	3.85
1910	3.8499999999999996
7014	3.8499999999999996
12112	3.845
6891	3.8442857142857143
16967	3.8412500000000005
950	3.84
4383	3.84
8395	3.835
13526	3.834705882352941
24932	3.8340000000000005
24121	3.8324999999999996
18973	3.8300000000000005
3725	3.83
11175	3.83
18417	3.83
8857	3.8275
839	3.825
9773	3.825
13740	3.8227272727272723
6857	3.822
5774	3.82
14552	3.818
13496	3.8150000000000004
14324	3.8150000000000004
20064	3.815
8067	3.813999999999999
8282	3.813333333333334
5490	3.81
15316	3.81
25562	3.808
3752	3.8066666666666666
11066	3.8066666666666666
26159	3.8066666666666666
11002	3.805
13749	3.8049999999999997
22299	3.8025
19111	3.8000000000000003
19247	3.8
8579	3.7979999999999996
896	3.7960000000000003
1339	3.7959999999999994
163	3.795
24942	3.795
6838	3.7942857142857145
2001	3.793333333333333
25829	3.793333333333333
6534	3.79
16312	3.79
22938	3.79
1172	3.78375
11613	3.7833333333333337
2410	3.7800000000000007
376	3.7800000000000002
9597	3.78
10253	3.78
16347	3.78
19783	3.78
23465	3.78
4765	3.777142857142857
11868	3.776666666666667
14176	3.775
543	3.770416666666667
1695	3.77
3292	3.77
3508	3.77
10559	3.77
24699	3.7699999999999996
22147	3.768333333333333
238	3.7675
14647	3.7675
4458	3.767000000000001
16935	3.766666666666667
24860	3.7650000000000006
6667	3.763333333333333
8801	3.7624999999999997
25102	3.761428571428571
8187	3.7600000000000002
315	3.76
5481	3.76
18522	3.76
5194	3.758
24439	3.7557142857142862
20434	3.755
12118	3.7533333333333334
10878	3.752
16955	3.75
12689	3.7466666666666666
25492	3.7466666666666666
1818	3.746666666666666
11328	3.745
5434	3.7449999999999997
7595	3.74
13191	3.74
25234	3.7366666666666664
11447	3.7350000000000003
2771	3.7325
5740	3.73
17591	3.7299999999999995
8715	3.7250000000000005
24617	3.7226315789473685
18370	3.7224999999999997
3507	3.72
25056	3.72
3032	3.7183333333333333
16747	3.718
12478	3.7169999999999996
22464	3.716666666666667
7125	3.714
10918	3.7133333333333334
9712	3.71
14096	3.71
24943	3.71
11125	3.7099999999999995
15596	3.7099999999999995
16433	3.7060000000000004
8118	3.705
6732	3.7028571428571424
23452	3.7018181818181817
1350	3.7
8206	3.7
11216	3.7
13034	3.7
14345	3.7
16107	3.7
21809	3.7
4484	3.6999999999999997
2239	3.6975000000000002
17156	3.6933333333333334
17192	3.6933333333333334
8193	3.69
11892	3.69
16475	3.69
4422	3.6875
24199	3.686666666666666
3946	3.68
9913	3.68
17039	3.68
19906	3.68
18757	3.6774999999999998
5136	3.675
18595	3.675
20309	3.675
5505	3.6733333333333333
21864	3.6733333333333333
21816	3.6700000000000004
921	3.67
1194	3.67
5602	3.67
12045	3.67
14498	3.67
2917	3.665
11491	3.663333333333334
16872	3.6633333333333327
7247	3.66
3876	3.6566666666666663
4106	3.6500000000000004
22954	3.6500000000000004
12157	3.65
23760	3.65
12386	3.646
7541	3.645
17346	3.645
23306	3.645
17583	3.643333333333333
8128	3.6420000000000003
4466	3.64
8513	3.64
9979	3.64
26020	3.6399999999999997
13490	3.6366666666666667
25614	3.6366666666666667
1727	3.635714285714286
4264	3.6350000000000002
7246	3.635
17953	3.635
16953	3.6300000000000003
414	3.63
18415	3.63
5240	3.6283333333333334
15971	3.628
25902	3.6277777777777778
1321	3.6275000000000004
20533	3.6266666666666665
22421	3.625
80	3.62
410	3.62
510	3.62
3293	3.62
4431	3.62
5137	3.62
17918	3.62
4019	3.6199999999999997
11792	3.6199999999999997
11979	3.6199999999999997
10117	3.6166666666666667
20949	3.6166666666666667
25050	3.61625
4468	3.615
8512	3.613333333333333
9732	3.61
10656	3.6099999999999994
18222	3.6075
16900	3.606666666666667
14153	3.604
11026	3.6033333333333335
24506	3.6033333333333335
6914	3.6
14809	3.6
25718	3.6
4213	3.5966666666666662
21409	3.5950000000000006
13636	3.595
2754	3.5949999999999998
21389	3.594
22395	3.5933333333333337
5995	3.5933333333333333
13318	3.5933333333333333
1346	3.59
1378	3.59
4828	3.59
12704	3.59
17274	3.59
22253	3.59
23488	3.5899999999999994
6305	3.588
4750	3.585
8725	3.585
17291	3.585
17590	3.585
11557	3.582666666666667
15935	3.5800000000000005
3062	3.58
22993	3.58
1408	3.5799999999999996
1672	3.5799999999999996
6533	3.5766666666666667
4038	3.5749999999999997
2185	3.5737500000000004
8449	3.5733333333333337
12160	3.5700000000000003
19683	3.5700000000000003
4069	3.57
11602	3.5675
13031	3.563333333333333
20207	3.5629999999999997
12066	3.5625000000000004
9327	3.5625
11442	3.5620000000000003
7861	3.56
19356	3.56
11231	3.558333333333333
22100	3.5555555555555554
12187	3.553
5367	3.55
5626	3.55
21187	3.55
9491	3.545
22748	3.545
18913	3.543333333333333
21653	3.543333333333333
4975	3.54
8596	3.54
12017	3.54
13311	3.54
15846	3.54
21029	3.54
122	3.53875
15246	3.5375
17137	3.5374999999999996
17038	3.537058823529412
8437	3.535
21684	3.533333333333333
17286	3.5324999999999998
15891	3.532
4704	3.53
8458	3.53
11493	3.5299999999999994
21024	3.5275
6291	3.5200000000000005
5730	3.52
21814	3.5149999999999997
13497	3.51
19159	3.508333333333334
26004	3.5028571428571427
17309	3.5
25316	3.4983333333333335
23256	3.498
19301	3.4966666666666666
4180	3.496666666666666
10967	3.495
15227	3.495
21562	3.495
25572	3.495
21558	3.4933333333333336
864	3.49
17141	3.49
23856	3.49
9616	3.48625
10923	3.478333333333333
18051	3.4730000000000003
12849	3.47
15882	3.47
17245	3.466666666666667
4245	3.465
17937	3.465
9224	3.4633333333333334
18408	3.463
3441	3.4616666666666664
9987	3.46
25158	3.4599999999999995
20662	3.457142857142857
2010	3.456666666666667
5769	3.455
24463	3.455
12627	3.4500000000000006
11924	3.45
19462	3.45
6094	3.4475
14403	3.446363636363636
4640	3.4433333333333334
10600	3.4433333333333334
11032	3.4400000000000004
1982	3.4333333333333336
9649	3.4325
24589	3.4324999999999997
743	3.4300000000000006
4293	3.43
7524	3.4271428571428575
18995	3.4250000000000003
21584	3.4250000000000003
23710	3.425
22890	3.4233333333333333
1550	3.4200000000000004
16729	3.42
24592	3.42
24640	3.42
25172	3.42
17746	3.418333333333333
15081	3.415
19447	3.415
12411	3.4149999999999996
11112	3.4124999999999996
6706	3.41
10602	3.41
1878	3.4099999999999997
1985	3.4050000000000002
9993	3.4050000000000002
2055	3.405
15413	3.4019999999999997
12307	3.4000000000000004
4685	3.4
7695	3.4
23304	3.4
4263	3.3966666666666665
16563	3.3949999999999996
380	3.393333333333334
9870	3.393333333333334
16946	3.393333333333333
17585	3.39
17612	3.3899999999999997
1829	3.3883333333333336
12968	3.3870000000000005
4554	3.385
5232	3.385
19945	3.382
9026	3.38
18445	3.38
20248	3.38
25159	3.38
25272	3.38
1498	3.3766666666666665
8336	3.37
7638	3.365
3516	3.3600000000000003
6832	3.36
17440	3.36
23810	3.36
21944	3.3575
25597	3.356666666666667
10931	3.3560000000000003
5164	3.355
9127	3.355
11468	3.3549999999999995
11944	3.35
2806	3.3449999999999998
10926	3.3433333333333333
3511	3.34
14131	3.34
4525	3.33375
15898	3.333333333333334
12422	3.33
14558	3.325
7087	3.3236363636363646
6813	3.322
8000	3.32
1696	3.3150000000000004
11054	3.31
17739	3.306666666666667
16154	3.30625
22463	3.3025
24970	3.3016666666666663
8887	3.3
14970	3.3
19052	3.3
25378	3.2954545454545454
13060	3.2933333333333326
2087	3.2916666666666665
7522	3.2875000000000005
7093	3.2849999999999997
20229	3.2800000000000002
82	3.28
24398	3.278
3685	3.2750000000000004
20783	3.2733333333333334
19554	3.2699999999999996
21142	3.2600000000000002
22920	3.2600000000000002
593	3.2574999999999994
22129	3.2566666666666664
18447	3.2550000000000003
16570	3.255
15666	3.2533333333333334
2123	3.25
8928	3.25
14869	3.25
15386	3.25
22990	3.25
25230	3.25
18724	3.2466666666666666
1963	3.245
7716	3.2425000000000006
12678	3.24
21995	3.24
2085	3.2399999999999998
2512	3.2399999999999998
1600	3.2350000000000003
9946	3.235
6524	3.231666666666667
20781	3.225
18870	3.224
3683	3.22
4037	3.2199999999999998
15706	3.2199999999999998
834	3.216666666666667
20552	3.2150000000000003
18066	3.2133333333333334
272	3.211666666666666
939	3.21
13528	3.21
17821	3.21
19501	3.2099999999999995
15880	3.207777777777778
7317	3.2071428571428577
10439	3.2066666666666666
16728	3.205
19871	3.205
4467	3.2
7026	3.2
17589	3.2
13411	3.19875
20052	3.198571428571429
1436	3.1933333333333334
6423	3.19
9269	3.19
19223	3.19
25531	3.19
7829	3.1875
10549	3.1825
24877	3.1825
8558	3.18
14872	3.1790000000000003
19936	3.1783333333333332
6375	3.1739999999999995
3316	3.17
3988	3.17
10561	3.17
10850	3.17
14171	3.17
18746	3.17
19233	3.17
20341	3.17
3744	3.165
254	3.16
14844	3.16
16622	3.16
17179	3.16
25543	3.1559999999999997
15301	3.15
5575	3.143333333333333
12110	3.143333333333333
4868	3.14
9713	3.14
10763	3.14
21344	3.136
8976	3.135
9988	3.135
11465	3.13
16881	3.1277777777777778
7046	3.125
22528	3.125
13422	3.124285714285714
2388	3.1233333333333335
4643	3.12
11641	3.12
12787	3.1199999999999997
15311	3.1159999999999997
11113	3.1133333333333333
22119	3.1133333333333333
123	3.1
3431	3.1
25251	3.0999999999999996
10819	3.095
12742	3.0949999999999998
2490	3.094
15850	3.0919999999999996
1157	3.09
25565	3.08
9128	3.075
11199	3.0725
22726	3.07
21696	3.065
23883	3.065
5395	3.063333333333334
294	3.06
2215	3.06
3875	3.06
7090	3.058
1728	3.0575
18381	3.0575
7039	3.0566666666666666
23920	3.0533333333333332
4955	3.05
6184	3.05
19355	3.05
25872	3.05
4284	3.045
16010	3.0399999999999996
25596	3.035
9018	3.0299999999999994
3964	3.0266666666666673
7042	3.0249999999999995
16853	3.023333333333333
5352	3.0225
11121	3.02
12107	3.02
2506	3.015
22791	3.0100000000000002
6012	3.008
12409	3.0033333333333334
4954	3.0
17394	3.0
19922	2.9960000000000004
1427	2.99
20101	2.99
25904	2.99
14004	2.9850000000000003
3206	2.985
21515	2.985
18379	2.98
24122	2.98
10476	2.9775
9149	2.975
4117	2.97
21583	2.97
15384	2.9699999999999998
14316	2.966666666666667
12504	2.96
16155	2.96
1403	2.957142857142857
14709	2.955
22376	2.9525
11017	2.95
22428	2.95
23991	2.9499999999999997
24251	2.945
20645	2.94
4428	2.9333333333333336
14093	2.93
22699	2.9299999999999997
16584	2.9250000000000003
12707	2.92
14376	2.92
21930	2.9185714285714286
3136	2.9175
1327	2.91
12149	2.9066666666666663
15589	2.9000000000000004
6078	2.9
10148	2.9
25439	2.892857142857143
19940	2.8850000000000002
15695	2.8820000000000006
10513	2.88
23870	2.878
19147	2.875
20558	2.875
8641	2.874
13971	2.87
5667	2.8666666666666667
9125	2.8649999999999998
7058	2.8600000000000003
4262	2.86
2511	2.854
14627	2.852
3067	2.85
6446	2.85
21858	2.85
23297	2.8480000000000003
4759	2.8449999999999998
23302	2.8433333333333333
16888	2.8425000000000002
7045	2.841
5483	2.8400000000000003
164	2.84
364	2.84
14500	2.835
10969	2.83
16889	2.83
19184	2.8299999999999996
14337	2.822222222222222
312	2.805
15217	2.8049999999999997
16703	2.8033333333333332
3561	2.803333333333333
8077	2.8
13832	2.8
3291	2.7933333333333334
15205	2.7925
21287	2.7925
15770	2.7920000000000003
19580	2.79
22900	2.79
3967	2.785
8592	2.7816666666666663
14982	2.7800000000000002
5241	2.78
22605	2.78
22765	2.775
24852	2.7733333333333334
5057	2.77
6908	2.77
16129	2.77
16834	2.77
15959	2.7611111111111106
6175	2.7600000000000002
3873	2.76
10391	2.76
9518	2.7550000000000003
13966	2.7512499999999998
4289	2.75
7483	2.75
19126	2.75
25358	2.75
2877	2.7466666666666666
7510	2.7449999999999997
195	2.7433333333333336
16506	2.74
4298	2.7375000000000003
17599	2.7300000000000004
10354	2.73
24820	2.73
25891	2.73
1405	2.725
17755	2.725
365	2.724
15248	2.72
24114	2.72
10539	2.7175000000000002
10895	2.7162499999999996
7098	2.7100000000000004
20537	2.71
20775	2.71
21823	2.7099999999999995
19443	2.703333333333333
17337	2.7
8298	2.6999999999999997
20379	2.69
7543	2.685
9983	2.68
25136	2.675
4989	2.67
19234	2.67
22048	2.67
385	2.6649999999999996
2770	2.6624999999999996
1105	2.66
8374	2.66
9419	2.66
25729	2.66
1782	2.655
16676	2.645
12165	2.6425
22311	2.64
19014	2.6399999999999997
21811	2.6399999999999997
25839	2.6399999999999997
17854	2.63
21830	2.6266666666666665
15170	2.6225
20231	2.62
7916	2.61
8308	2.61
12642	2.61
18751	2.605
2243	2.6042857142857145
19710	2.6033333333333335
16727	2.6028571428571428
19221	2.59
4425	2.588
18720	2.5833333333333335
5698	2.58
8737	2.58
14317	2.58
18102	2.5774999999999997
5697	2.57
7506	2.57
15321	2.57
18684	2.5666666666666664
115	2.5599999999999996
8472	2.555
18524	2.5549999999999997
13521	2.55
5529	2.5475
15998	2.5433333333333334
717	2.54
8148	2.54
10637	2.54
17537	2.54
15160	2.5399999999999996
25496	2.536
12599	2.531428571428571
19440	2.53
11561	2.52
13932	2.52
16726	2.513333333333333
17293	2.513333333333333
19677	2.5069565217391303
23461	2.506666666666667
1024	2.505
11028	2.5033333333333334
8870	2.5
23156	2.5
21167	2.495
10445	2.49
19313	2.485
3279	2.48
4493	2.48
7957	2.48
24250	2.475
7563	2.472857142857143
20303	2.4709999999999996
20489	2.47
18001	2.465
4259	2.46
15899	2.46
16070	2.46
17503	2.46
8376	2.4566666666666666
16783	2.455
2742	2.45
11929	2.45
17307	2.45
25863	2.45
11403	2.4475
16485	2.4450000000000003
2712	2.445
7727	2.4433333333333334
14344	2.4433333333333334
15668	2.4433333333333334
7280	2.44
9974	2.4325
24202	2.43
14170	2.42
10601	2.415
2451	2.41
20170	2.405
22275	2.4033333333333333
1107	2.4
8868	2.4
14600	2.4
12054	2.395
20884	2.395
23175	2.395
9865	2.39
15154	2.39
7648	2.38
18758	2.38
22816	2.38
7450	2.3775
3199	2.37
15941	2.366
12071	2.365
17729	2.3600000000000003
2223	2.355
11285	2.355
17690	2.35
20031	2.35
25217	2.35
25534	2.3449999999999998
24705	2.3442857142857143
6919	2.34
19572	2.335
7772	2.33
8404	2.33
17592	2.33
1109	2.3266666666666667
3844	2.32
19932	2.3175
1254	2.316666666666667
4186	2.31
7999	2.31
10252	2.31
10500	2.3099999999999996
16718	2.3099999999999996
106	2.3025
13712	2.301428571428572
10990	2.3
23153	2.3
25866	2.3
22197	2.29
6701	2.28
18910	2.275
10640	2.27
16837	2.27
9103	2.265
23137	2.255
7468	2.25
4103	2.2333333333333334
7209	2.2333333333333334
6973	2.23
12049	2.23
4283	2.223333333333333
12940	2.22
20260	2.22
17135	2.215
10351	2.21
17979	2.21
19712	2.21
19801	2.21
26022	2.21
2879	2.2
23686	2.2
9511	2.1999999999999997
25850	2.195
8340	2.194
18634	2.185
10842	2.183333333333333
3347	2.18
4432	2.18
16108	2.18
24594	2.18
23492	2.1766666666666663
1092	2.175
4033	2.1733333333333333
9151	2.17
16937	2.17
12758	2.1633333333333336
733	2.16
15609	2.16
4252	2.15
11806	2.15
24614	2.1485714285714286
283	2.145
547	2.144
8888	2.1366666666666667
21587	2.1366666666666667
8475	2.1350000000000002
26173	2.1350000000000002
3450	2.135
14502	2.1325000000000003
12113	2.13
13970	2.13
124	2.125
6943	2.125
23576	2.12
17981	2.115
9631	2.1100000000000003
20253	2.11
17127	2.106666666666667
17121	2.1
15188	2.09
17936	2.09
22105	2.09
22245	2.09
23226	2.09
12852	2.07
12296	2.066666666666667
1916	2.065
10825	2.065
19469	2.065
20808	2.0637499999999998
19107	2.061666666666667
23623	2.055
4254	2.05
19164	2.0425
2592	2.04
21177	2.0366666666666666
3599	2.03
19219	2.03
20066	2.02
21165	2.02
16274	2.016
24340	2.013333333333333
8920	2.01
14496	2.01
25856	2.01
6920	2.0033333333333334
3532	2.0
26021	2.0
20173	1.9949999999999999
25854	1.9949999999999999
22203	1.9933333333333332
4495	1.99
23138	1.99
3100	1.98
8071	1.98
19581	1.98
5659	1.9799999999999998
25229	1.97
10657	1.96
13177	1.96
19170	1.96
4148	1.955
4835	1.9500000000000002
2981	1.95
10433	1.95
7854	1.94
15399	1.9333333333333333
7024	1.93
15353	1.9225
2823	1.92
12743	1.92
15774	1.92
17114	1.915
930	1.9120000000000001
7899	1.9100000000000001
8208	1.9033333333333335
5060	1.9
15249	1.9
20106	1.9
16779	1.895
23721	1.8933333333333333
194	1.89
15208	1.88
18972	1.88
24464	1.88
21550	1.8725
598	1.87
18742	1.87
22487	1.8699999999999999
1490	1.86
4183	1.86
8157	1.86
4125	1.8539999999999999
6170	1.8450000000000002
17808	1.8449999999999998
20526	1.84
21866	1.84
13619	1.836666666666667
15617	1.83
5355	1.825
9595	1.82
5083	1.815
21221	1.8050000000000002
22770	1.8
10524	1.795
23298	1.7850000000000001
19051	1.78
20035	1.78
20433	1.775
1125	1.77
10682	1.77
5794	1.7633333333333334
2664	1.76
1029	1.755
13010	1.7525000000000002
5233	1.7449999999999999
10355	1.74
21316	1.74
25219	1.74
11910	1.7349999999999999
17161	1.7349999999999999
24161	1.7349999999999999
11842	1.73
18605	1.73
21623	1.73
19609	1.72
15667	1.7166666666666668
11829	1.7000000000000002
9265	1.7
17163	1.6900000000000002
12320	1.69
16011	1.69
21808	1.67
12321	1.665
3119	1.6600000000000001
9126	1.6600000000000001
10352	1.66
11416	1.6585714285714288
10407	1.65
11816	1.65
15181	1.65
15401	1.65
20086	1.645
7103	1.64
8301	1.64
20528	1.64
95	1.635
18984	1.63
21314	1.63
17382	1.6266666666666667
11841	1.62
24961	1.62
19444	1.615
16393	1.6149999999999998
17162	1.6099999999999999
18880	1.6099999999999999
16886	1.6000000000000003
5479	1.6
21018	1.6
2355	1.59
6709	1.59
20001	1.59
18895	1.58
12751	1.56
18745	1.5599999999999998
22290	1.555
10906	1.5499999999999998
21660	1.54
24731	1.54
372	1.53
5840	1.53
3826	1.5299999999999998
7824	1.5200000000000002
19018	1.5150000000000001
13389	1.5
24149	1.5
7309	1.49
10526	1.49
25440	1.49
21657	1.48
24957	1.48
18388	1.47
21027	1.465
13704	1.45
16040	1.45
24372	1.45
5446	1.445
7053	1.43
8643	1.43
23477	1.425
7356	1.42
15626	1.42
23227	1.41
1992	1.4
8200	1.4
9890	1.4
6726	1.39
17341	1.39
12801	1.38
20925	1.38
1075	1.37
8179	1.37
12260	1.365
20345	1.355
25599	1.355
15221	1.3499999999999999
5668	1.346
8367	1.34
23616	1.34
20779	1.335
23168	1.3333333333333333
18390	1.33
1969	1.31
8676	1.31
17471	1.31
16068	1.305
24462	1.3
7511	1.29
23648	1.29
24597	1.27
2557	1.26
5364	1.26
25903	1.26
10910	1.2466666666666668
21779	1.2466666666666668
6082	1.24
13167	1.2349999999999999
14894	1.23
17851	1.22
21596	1.22
10356	1.21
22021	1.21
3068	1.2
4116	1.2
18549	1.2
3825	1.1800000000000002
15161	1.18
18183	1.17
7055	1.16
19502	1.16
9094	1.15
10679	1.1433333333333333
20084	1.14
21593	1.13
199	1.125
5181	1.125
1383	1.11
6835	1.11
15972	1.11
8711	1.1099999999999999
20216	1.105
22199	1.09
25179	1.09
9130	1.07
17933	1.07
24140	1.07
2613	1.0699999999999998
4877	1.0666666666666667
13717	1.06
12337	1.0550000000000002
23135	1.03
5055	1.0
5545	1.0
8299	1.0
19473	1.0
16554	0.94
5260	0.93
16643	0.93
450	0.91
18454	0.91
21634	0.91
10898	0.905
925	0.9
22891	0.89
7579	0.865
10341	0.8633333333333334
8881	0.86
2328	0.85
5546	0.85
12981	0.85
21547	0.8466666666666667
18246	0.8433333333333334
1013	0.84
17827	0.84
22244	0.84
22312	0.835
3965	0.8300000000000001
18597	0.83
18624	0.825
5492	0.82
19569	0.81
4021	0.8049999999999999
8378	0.8
10986	0.8
21297	0.795
15947	0.79
8807	0.785
10438	0.785
2186	0.78
14559	0.775
3948	0.7749999999999999
6744	0.77
8231	0.76
15416	0.755
1561	0.75
13675	0.75
18457	0.75
22692	0.75
890	0.74
24163	0.73
2059	0.72
5261	0.72
23299	0.72
18145	0.7150000000000001
1551	0.71
13864	0.68
20892	0.675
16015	0.67
20215	0.6599999999999999
12387	0.65
18161	0.64
23881	0.64
8811	0.63
26132	0.63
16224	0.62
13620	0.61
85	0.59
11828	0.59
3196	0.58
15907	0.58
16349	0.58
4576	0.57
14698	0.57
1154	0.555
4261	0.55
18278	0.54
8504	0.52
16945	0.52
23248	0.52
18340	0.5
4046	0.48
21322	0.48
1822	0.47
4426	0.47
22149	0.47
23621	0.47
9211	0.46
16675	0.46
26044	0.46
19941	0.45
20536	0.44999999999999996
19023	0.44
11280	0.43
20320	0.43
25975	0.42
8452	0.41
19510	0.41
22031	0.41
8973	0.4
11899	0.4
15200	0.4
9413	0.39
11583	0.39
12291	0.39
25510	0.39
12056	0.38
4836	0.37
11215	0.36
2476	0.35
13013	0.35
16922	0.35
20333	0.35
24203	0.34500000000000003
6226	0.32
3186	0.31
8538	0.31
20174	0.31
2118	0.3
20668	0.3
15418	0.29
24499	0.29
12248	0.28
3383	0.26
7109	0.26
13485	0.26
252	0.25
15625	0.24
20557	0.24
8719	0.23
10552	0.22
25152	0.21000000000000002
2348	0.21
6448	0.21
5228	0.20500000000000002
3631	0.18
25181	0.18
6776	0.17
8474	0.17
12042	0.17
18867	0.17
12547	0.16
13834	0.14
7536	0.13
9488	0.13
18194	0.13
23916	0.13
10000	0.12
11822	0.12
19903	0.12
6629	0.1
1836	0.09
2120	0.09
14339	0.09
3819	0.08
10907	0.075
14358	0.06
8708	0.05
19380	0.05
400	0.04
13320	0.02
5427	0.01
18275	0.01
25062	0.01
